11161 11162 11163 11164 11165 11166 1150 12 1279 155 157 1590 1690 17 1723 1724 1725 188 2070 2194 224 2332 2510 3 331 339 340 343 36 37 373 389 434 482 483 495 51 514 52 53 556 56 6 65 66 708 810 812 814 8533 958 
11167 11168 4290 
11169 1294 1815 36 6105 
11170 115 116 117 1279 143 155 157 1982 200 2368 279 292 331 339 340 36 39 4758 485 50 514 526 5369 5415 542 5736 6 63 6551 660 810 8533 
11170 115 116 117 126 1279 143 155 157 1982 200 2368 279 292 331 339 340 36 39 485 50 514 526 5369 5415 542 5736 6 63 6551 660 810 8533 
11170 115 116 117 126 1279 143 155 157 1982 200 2368 279 292 331 339 340 36 39 485 50 514 526 5369 5415 542 5736 6 63 6551 660 810 8533 
11171 11172 11173 1163 1279 155 157 1690 170 1982 230 240 279 292 331 339 340 36 50 514 59 6 63 65 66 660 719 810 8533 96 97 
11171 11172 11173 1163 1279 155 157 1690 170 1982 230 240 279 292 331 339 340 36 50 514 59 6 63 65 66 660 719 810 8533 96 97 
11171 11173 1163 1279 1447 1448 155 157 1690 170 1982 230 279 292 331 339 340 36 438 447 50 514 528 59 6 63 65 66 660 7080 719 810 8533 96 97 
11171 11172 11173 1163 1279 155 157 1690 170 1982 230 240 279 292 331 339 340 36 50 514 59 6 63 65 66 660 719 810 8533 96 97 
11171 11172 11173 1163 1279 155 157 1690 170 1982 230 240 279 292 331 339 340 36 50 514 59 6 63 65 66 660 719 810 8533 96 97 
11171 11172 11173 1163 1279 155 157 1690 170 1982 230 240 279 292 331 339 340 36 50 514 59 6 63 65 66 660 719 810 8533 96 97 
11171 11172 11173 1163 1279 155 157 1690 170 1982 230 240 279 292 331 339 340 36 50 514 59 6 63 65 66 660 719 810 8533 96 97 
11171 11172 11173 1163 1279 155 157 1690 170 1982 230 240 279 292 331 339 340 36 50 514 59 6 63 65 66 660 719 810 8533 96 97 
11171 11172 11173 1163 1279 155 157 1690 170 1982 230 240 279 292 331 339 340 36 50 514 59 6 63 65 66 660 719 810 8533 96 97 
11171 11172 11173 1163 1279 155 157 1690 170 1982 230 240 279 292 331 339 340 36 50 514 59 6 63 65 66 660 719 810 8533 96 97 
11171 11172 11173 1163 1279 155 157 1690 170 1982 230 240 279 292 331 339 340 36 438 50 514 59 6 63 65 66 660 719 810 8533 96 97 
11171 11172 11173 1163 1279 155 157 1690 170 1982 230 240 279 292 331 339 340 36 50 514 59 6 63 65 66 660 719 810 8533 96 97 
1 11174 1163 1690 170 1982 331 340 36 50 514 59 6 63 65 66 810 
10257 1163 1690 170 50 59 6 63 65 66 
11175 1163 1690 
11176 148 1722 570 6 65 69 70 9822 9947 
11177 11178 148 257 2898 6 67 842 
11179 1447 1448 36 438 528 6 935 
10198 1034 1077 150 3223 6 
1896 6 7508 99 
105 10815 109 110 1686 2648 3557 50 6 754 911 
1782 2113 4161 79 797 
11180 11181 11182 11183 113 114 116 117 128 1324 176 187 265 344 4690 5764 6 
11184 1334 1979 2592 344 369 502 6 7657 
11185 11186 13 344 39 40 4154 6 
1294 162 1837 185 339 340 35 36 373 6 
11187 1172 135 188 6 
164 165 2165 225 376 43 6 
10579 11188 1837 344 4270 50 5043 6 63 79 
11189 36 6 9958 
123 124 125 126 127 36 454 
11171 1163 1279 1411 152 155 157 1982 240 279 292 331 339 340 36 421 50 512 514 5415 6 63 660 810 8533 923 96 97 
11171 1163 1279 1411 152 155 157 1982 240 279 292 331 339 340 36 421 50 512 514 5415 6 63 660 810 8533 923 96 97 
10 10184 10632 11163 11164 11166 11190 11191 11192 11193 11194 11195 113 1150 116 117 12 1256 1279 1306 1346 14 150 151 152 155 157 1590 16 1690 17 170 1842 188 201 2061 2070 2194 224 240 2502 263 2676 279 3 331 339 340 343 344 349 36 37 373 389 4161 421 434 4469 482 483 49 495 51 514 52 556 59 6 65 66 708 79 7953 7956 799 810 8533 9 9112 92 958 97 
11167 11168 4290 
11169 1294 1815 36 6105 
11171 1163 1279 1411 152 155 157 1982 240 279 292 331 339 340 36 421 50 512 514 5415 6 63 660 810 8533 923 96 97 
11171 1163 1279 1411 152 155 157 1982 240 279 292 331 339 340 36 421 50 512 514 5415 6 63 660 810 8533 923 96 97 
11171 1163 1279 1411 152 155 157 1982 240 279 292 331 339 340 36 421 50 512 514 5415 6 63 660 810 8533 923 96 97 
11171 1163 1279 1411 152 155 157 1982 240 279 292 331 339 340 36 421 50 512 514 5415 6 63 660 810 8533 923 96 97 
11171 1163 1279 1411 152 155 157 1982 240 279 292 331 339 340 36 421 50 512 514 5415 6 63 660 810 8533 923 96 97 
11171 1163 1279 1411 152 155 157 1982 240 279 292 331 339 340 36 421 50 512 514 5415 6 63 660 810 8533 923 96 97 
11171 1163 1279 1411 152 155 157 1982 240 279 292 331 339 340 36 421 50 512 514 5415 6 63 660 810 8533 923 96 97 
11171 1163 1279 1411 152 155 157 1982 240 279 292 331 339 340 36 421 50 512 514 5415 6 63 660 810 8533 923 96 97 
11171 1163 1279 1411 152 155 157 1982 240 279 292 331 339 340 36 421 50 512 514 5415 6 63 660 810 8533 923 96 97 
11171 1163 1279 1411 152 155 157 1982 240 279 292 331 339 340 36 421 50 512 514 5415 6 63 660 810 8533 923 96 97 
11172 11196 11197 1132 115 116 117 124 1279 139 1425 143 155 157 1722 192 1982 200 2195 230 240 279 292 331 339 340 36 4469 447 4477 4758 482 50 514 6 63 660 679 719 76 810 8533 90 92 96 97 
10 10632 11163 11164 11193 11194 11198 11199 11200 11201 11202 11203 11204 11205 113 116 117 12 1256 1279 1306 14 152 155 157 1590 16 1610 1690 17 1842 2061 2070 2113 224 2332 2374 240 2404 279 299 3 3182 331 339 340 343 349 36 37 373 389 4161 434 4459 4469 495 51 514 52 6 64 66 675 708 79 7956 810 8533 87 8873 9112 958 97 98 
11166 1150 188 2194 36 482 483 556 799 
11167 11168 4290 
11169 1294 1815 36 6105 
36 438 
11172 11196 11197 115 116 117 124 126 1279 139 1425 143 155 157 1722 192 1982 200 2195 230 240 279 292 331 339 340 36 4469 4477 482 50 514 6 63 660 679 719 76 810 8533 90 92 96 97 
11172 11196 11197 115 116 117 124 126 1279 139 1425 143 155 157 1722 192 1982 200 2195 230 240 279 292 331 339 340 36 4469 4477 482 50 514 6 63 660 679 719 76 810 8533 90 92 96 97 
11172 11196 11197 1132 115 116 117 124 1279 139 1425 143 155 157 1722 192 1982 200 2195 230 240 279 292 331 339 340 36 4469 447 4477 4758 482 50 514 6 63 660 679 719 76 810 8533 90 92 96 97 
11172 11196 11197 115 116 117 124 126 1279 139 1425 143 155 157 1722 192 1982 200 2195 230 240 279 292 331 339 340 36 4469 4477 482 50 514 6 63 660 679 719 76 810 8533 90 92 96 97 
11172 11196 11197 115 116 117 124 126 1279 139 1425 143 155 157 1722 192 1982 200 2195 230 240 279 292 331 339 340 36 4469 4477 482 50 514 6 63 660 679 719 76 810 8533 90 92 96 97 
11172 11196 11197 115 116 117 124 126 1279 139 1425 143 155 157 1722 192 1982 200 2195 230 240 279 292 331 339 340 36 4469 4477 482 50 514 6 63 660 679 719 76 810 8533 90 92 96 97 
11172 11196 11197 115 116 117 124 126 1279 139 1425 143 155 157 1722 192 1982 200 2195 230 240 279 292 331 339 340 36 4469 4477 482 50 514 6 63 660 679 719 76 810 8533 90 92 96 97 
11172 11196 11197 115 116 117 124 126 1279 139 1425 143 155 157 1722 192 1982 200 2195 230 240 279 292 331 339 340 36 4469 4477 482 50 514 6 63 660 679 719 76 810 8533 90 92 96 97 
11172 11196 11197 115 116 117 124 126 1279 139 1425 143 155 157 1722 192 1982 200 2195 230 240 279 292 331 339 340 36 4469 4477 482 50 514 6 63 660 679 719 76 810 8533 90 92 96 97 
11172 11196 11197 115 116 117 124 126 1279 139 1425 143 155 157 1722 192 1982 200 2195 230 240 279 292 331 339 340 36 4469 4477 482 50 514 6 63 660 679 719 76 810 8533 90 92 96 97 
11172 11196 11197 115 116 117 124 1279 139 1425 143 155 157 1722 192 1982 200 2195 230 240 279 292 331 339 340 36 4469 4477 4758 482 50 514 6 63 660 679 719 76 810 8533 90 92 96 97 
11172 11196 11197 115 116 117 124 126 1279 139 1425 143 155 157 1722 192 1982 200 2195 230 240 279 292 331 339 340 36 4469 4477 482 50 514 6 63 660 679 719 76 810 8533 90 92 96 97 
11172 11196 11197 115 116 117 124 126 1279 139 1425 143 155 157 1722 192 1982 200 2195 230 240 279 292 331 339 340 36 4469 4477 482 50 514 6 63 660 679 719 76 810 8533 90 92 96 97 
10 10632 11163 11164 11193 11194 11198 11199 11200 11201 11202 11203 11204 11205 113 116 117 12 1256 1279 1306 14 152 155 157 1590 16 1610 1690 17 1842 2061 2070 2113 224 2332 2374 240 2404 279 299 3 3182 331 339 340 343 349 36 37 373 389 4161 434 4459 4469 495 51 514 52 6 64 66 675 708 79 7956 810 8533 87 8873 9112 958 97 98 
11166 1150 188 2194 36 482 483 556 799 
11167 11168 4290 
11169 1294 1815 36 6105 
11172 11196 11197 115 116 117 124 126 1279 139 1425 143 155 157 1722 192 1982 200 2195 230 240 279 292 331 339 340 36 4469 4477 482 50 514 6 63 660 679 719 76 810 8533 90 92 96 97 
11206 11207 11208 115 116 117 124 126 1279 143 155 157 1982 200 331 339 340 36 366 482 50 514 6 63 810 8533 98 
11172 11196 11197 115 116 117 124 126 1279 139 1425 143 155 157 1722 192 1982 200 2195 230 240 279 292 331 339 340 36 4469 4477 482 50 514 6 63 660 679 719 76 810 8533 90 92 96 97 
1214 124 126 143 158 170 1873 195 1982 240 2656 279 28 29 292 294 34 340 36 366 375 482 50 5415 59 6 65 660 6682 96 97 
36 438 514 
1214 124 126 143 158 170 1873 195 1982 240 2656 279 28 29 292 294 34 340 36 366 375 482 50 5415 59 6 65 660 6682 96 97 
36 514 
1214 124 126 143 158 170 1873 195 1982 240 2656 279 28 29 292 294 34 340 36 366 375 482 50 5415 59 6 65 660 6682 96 97 
36 514 
1214 124 126 143 158 170 1873 195 1982 240 2656 279 28 29 292 294 34 340 36 366 375 482 50 5415 59 6 65 660 6682 96 97 
36 514 
1214 124 126 143 158 170 1873 195 1982 240 2656 279 28 29 292 294 34 340 36 366 375 482 50 5415 59 6 65 660 6682 96 97 
36 438 514 
11209 1214 124 126 143 158 170 1873 1982 28 29 294 3324 34 340 3411 36 375 482 50 59 6 65 6682 816 
36 514 
11210 11211 1154 21 233 262 28 307 33 34 36 37 372 41 4109 421 438 4510 6 803 9224 
11210 11211 1154 21 233 262 28 307 33 34 37 372 41 4109 421 4510 6 803 9224 
1214 124 126 143 158 170 1873 195 1982 240 2656 279 28 29 292 294 34 340 36 366 375 482 50 5415 59 6 65 660 6682 96 97 
36 514 
1214 124 126 143 158 170 1873 195 1982 240 2656 279 28 29 292 294 34 340 36 366 375 482 50 5415 59 6 65 660 6682 96 97 
36 514 
1214 124 126 143 158 170 1873 195 1982 240 2656 279 28 29 292 294 34 340 36 366 375 482 50 5415 59 6 65 660 6682 96 97 
36 514 
1214 124 126 143 158 170 1873 195 1982 240 2656 279 28 29 292 294 34 340 36 366 375 482 50 5415 59 6 65 660 6682 96 97 
36 514 
100 1015 11212 11213 11214 11215 11216 1159 116 117 1214 124 126 143 1511 152 158 170 1837 1873 1982 2435 258 259 28 29 294 3192 34 340 36 375 386 422 482 50 503 526 5357 542 59 5966 6 60 65 6682 6790 7508 8153 90 988 
36 514 
100 1015 11212 11213 11214 11215 11216 1159 116 117 1214 124 126 143 1511 152 158 170 1837 1873 1982 2435 258 259 28 29 294 3192 34 340 36 375 386 422 482 50 503 526 5357 542 59 5966 6 60 65 6682 6790 7508 8153 90 988 
36 514 
100 1015 11212 11213 11214 11215 11216 1159 116 117 1214 124 126 143 1511 152 158 170 1837 1873 1982 2435 258 259 28 29 294 3192 34 340 36 375 386 422 482 50 503 526 5357 542 59 5966 6 60 65 6682 6790 7508 8153 90 988 
36 514 
100 1015 11212 11213 11214 11215 11216 1159 116 117 1214 124 126 143 1511 152 158 170 1837 1873 1982 2435 258 259 28 29 294 3192 34 340 36 375 386 422 482 50 503 526 5357 542 59 5966 6 60 65 6682 6790 7508 8153 90 988 
36 438 514 
109 110 11217 115 116 117 1279 155 157 1982 240 331 339 340 36 50 513 514 6 63 64 77 78 79 810 8533 9668 
109 110 11217 115 116 117 1279 155 157 1982 240 331 339 340 36 50 513 514 6 63 64 77 78 79 810 8533 9668 
109 110 11217 115 116 117 1279 155 157 1982 240 331 339 340 36 50 513 514 6 63 64 77 78 79 810 8533 9668 
115 116 117 1279 155 157 1982 3223 331 339 340 407 4287 50 542 6 63 636 810 8533 
109 110 11217 115 116 117 1279 155 157 1982 240 331 339 340 36 50 513 514 6 63 64 77 78 79 810 8533 9668 
109 110 11217 115 116 117 1279 155 157 1982 240 331 339 340 36 50 513 514 6 63 64 77 78 79 810 8533 9668 
10 10632 11163 11164 11166 11192 11193 11194 11199 11200 11204 11218 113 115 1150 116 117 12 1256 1279 1306 14 151 155 157 1590 16 1690 171 188 2061 2070 214 2194 224 2332 24 240 25 279 299 3 331 339 340 343 36 37 373 406 4161 434 4469 482 483 495 51 514 52 556 6 64 65 66 67 708 810 8533 87 9 96 97 
11167 11168 4290 
11169 1294 1815 36 6105 
109 110 11217 115 116 117 1279 155 157 1982 240 331 339 340 36 50 513 514 6 63 64 77 78 79 810 8533 9668 
109 110 11217 115 116 117 1279 155 157 1982 240 331 339 340 36 50 513 514 6 63 64 77 78 79 810 8533 9668 
109 110 11217 115 116 117 1279 155 157 1982 240 331 339 340 36 50 513 514 6 63 64 77 78 79 810 8533 9668 
109 110 11217 115 116 117 1279 155 157 1982 240 331 339 340 36 50 513 514 6 63 64 77 78 79 810 8533 9668 
109 110 11217 115 116 117 1279 155 157 1982 240 331 339 340 36 50 513 514 6 63 64 77 78 79 810 8533 9668 
109 110 11217 115 116 117 1279 155 157 1982 240 331 339 340 36 50 513 514 6 63 64 77 78 79 810 8533 9668 
109 110 11217 115 116 117 1279 155 157 1982 240 331 339 340 36 50 513 514 6 63 64 77 78 79 810 8533 9668 
109 110 11217 115 116 117 1279 155 157 1982 240 331 339 340 36 50 513 514 6 63 64 77 78 79 810 8533 9668 
11171 11172 115 116 117 1279 155 157 1982 240 279 292 331 339 340 36 50 514 6 63 660 810 8533 96 97 
10 10632 11163 11164 11166 11192 11193 11194 11199 11200 11202 11203 11204 113 1150 116 117 12 1256 1279 1306 14 152 155 157 1590 16 1690 17 171 1842 188 2061 2070 214 2194 224 2332 24 240 25 279 292 3 331 339 340 343 36 37 373 389 4161 434 4469 449 482 483 495 51 514 52 5415 551 556 6 64 65 66 708 7956 810 8533 87 9 9112 958 97 98 
11167 11168 4290 
11169 1294 1815 36 6105 
36 438 
11171 11172 115 116 117 1279 155 157 1982 240 279 292 331 339 340 36 50 514 6 63 660 810 8533 96 97 
11171 11172 115 116 117 1279 155 157 1982 240 279 292 331 339 340 36 50 514 6 63 660 810 8533 96 97 
101 11219 115 116 117 1279 155 157 1982 331 339 340 36 4697 50 514 6 63 810 8533 
11171 11172 115 116 117 1279 155 157 1982 240 279 292 331 339 340 36 50 514 6 63 660 810 8533 96 97 
11171 11172 115 116 117 1279 155 157 1982 240 279 292 331 339 340 36 50 514 6 63 660 810 8533 96 97 
11171 11172 115 116 117 1279 155 157 1982 240 279 292 331 339 340 36 50 514 6 63 660 810 8533 96 97 
11171 11172 115 116 117 1279 155 157 1982 240 279 292 331 339 340 36 50 514 6 63 660 810 8533 96 97 
11171 11172 115 116 117 1279 155 157 1982 240 279 292 331 339 340 36 50 514 6 63 660 810 8533 96 97 
11171 11172 115 116 117 1279 155 157 1982 240 279 292 331 339 340 36 50 514 6 63 660 810 8533 96 97 
11171 11172 115 116 117 1279 155 157 1982 240 279 292 331 339 340 36 50 514 6 63 660 810 8533 96 97 
11171 11172 115 116 117 1279 155 157 1982 240 279 292 331 339 340 36 50 514 6 63 660 810 8533 96 97 
11170 115 116 117 1279 143 155 157 1982 200 2368 279 292 331 339 340 36 39 4758 485 50 514 526 5369 5415 542 5736 6 63 6551 660 810 8533 
11170 115 116 117 126 1279 143 155 157 1982 200 2368 279 292 331 339 340 36 39 485 50 514 526 5369 5415 542 5736 6 63 6551 660 810 8533 
11170 115 116 117 126 1279 143 155 157 1982 200 2368 279 292 331 339 340 36 39 485 50 514 526 5369 5415 542 5736 6 63 6551 660 810 8533 
11170 115 116 117 126 1279 143 155 157 1982 200 2368 279 292 331 339 340 36 39 485 50 514 526 5369 5415 542 5736 6 63 6551 660 810 8533 
11170 115 116 117 1279 143 155 157 1982 200 2368 279 292 331 339 340 36 39 4758 485 50 514 526 5369 5415 542 5736 6 63 6551 660 810 8533 
11170 115 116 117 126 1279 143 155 157 1982 200 2368 279 292 331 339 340 36 39 485 50 514 526 5369 5415 542 5736 6 63 6551 660 810 8533 
11170 115 116 117 126 1279 143 155 157 1982 200 2368 279 292 331 339 340 36 39 485 50 514 526 5369 5415 542 5736 6 63 6551 660 810 8533 
11170 115 116 117 126 1279 143 155 157 1982 200 2368 279 292 331 339 340 36 39 485 50 514 526 5369 5415 542 5736 6 63 6551 660 810 8533 
11170 115 116 117 126 1279 143 155 157 1982 200 2368 279 292 331 339 340 36 39 485 50 514 526 5369 5415 542 5736 6 63 6551 660 810 8533 
10 11192 11199 11200 11220 11221 11222 113 116 1163 117 1256 1306 14 152 171 2061 214 2368 240 279 349 4161 421 4469 485 5415 6 719 724 8550 9 92 97 98 
11223 1982 50 6 63 810 
11224 115 116 117 1279 1332 139 155 157 174 178 1982 2906 314 331 339 340 36 50 5106 514 5148 536 542 6 63 6338 79 810 8533 87 92 
11224 115 116 117 1279 1332 139 155 157 174 178 1982 2906 314 331 339 340 36 50 5106 514 5148 536 542 6 63 6338 79 810 8533 87 92 
11224 115 116 117 1279 1332 139 155 157 174 178 1982 2906 314 331 339 340 36 50 5106 514 5148 536 542 6 63 6338 79 810 8533 87 92 
11224 115 116 117 1279 1332 139 155 157 174 178 1982 2906 314 331 339 340 36 50 5106 514 5148 536 542 6 63 6338 79 810 8533 87 92 
11224 115 116 117 1279 1332 139 155 157 174 178 1982 2906 314 331 339 340 36 50 5106 514 5148 536 542 6 63 6338 79 810 8533 87 92 
1279 155 157 1982 230 240 264 279 292 331 339 340 36 4469 50 514 5415 6 63 660 719 810 8533 96 97 98 
36 438 482 483 
1279 155 157 1982 230 240 264 279 292 331 339 340 36 4469 50 514 5415 6 63 660 719 810 8533 96 97 98 
1117 1159 1279 155 157 1982 2070 2280 240 331 339 340 36 366 422 4512 50 503 514 6 63 706 7916 810 8533 
1279 155 157 1982 230 240 264 279 292 331 339 340 36 4469 50 514 5415 6 63 660 719 810 8533 96 97 98 
1279 155 157 1982 230 240 264 279 292 331 339 340 36 4469 50 514 5415 6 63 660 719 810 8533 96 97 98 
36 438 482 483 
1279 155 157 1982 230 240 264 279 292 331 339 340 36 4469 50 514 5415 6 63 660 719 810 8533 96 97 98 
1279 155 157 1982 230 240 264 279 292 331 339 340 36 4469 50 514 5415 6 63 660 719 810 8533 96 97 98 
1279 155 157 1982 230 240 264 279 292 331 339 340 36 4469 50 514 5415 6 63 660 719 810 8533 96 97 98 
36 438 482 483 
1117 1159 1279 155 157 1982 2070 2280 240 331 339 340 36 366 422 4512 50 503 514 6 63 706 7916 810 8533 
1279 155 157 1982 230 240 264 279 292 331 339 340 36 4469 50 514 5415 6 63 660 719 810 8533 96 97 98 
1279 155 157 1982 230 240 264 279 292 331 339 340 36 4469 50 514 5415 6 63 660 719 810 8533 96 97 98 
1279 155 157 1982 230 240 264 279 292 331 339 340 36 4469 50 514 5415 6 63 660 719 810 8533 96 97 98 
36 438 482 483 
1279 155 157 1982 230 240 264 279 292 331 339 340 36 4469 50 514 5415 6 63 660 719 810 8533 96 97 98 
1117 1159 1279 155 157 1982 2070 2280 240 331 339 340 36 366 422 4512 50 503 514 6 63 706 7916 810 8533 
1279 155 157 1982 230 240 264 279 292 331 339 340 36 4469 50 514 5415 6 63 660 719 810 8533 96 97 98 
11225 11226 1404 159 166 167 1680 1872 201 2118 218 230 2348 2387 249 2516 2599 28 294 3 33 34 36 373 41 437 4469 47 526 6 88 92 
11225 1404 159 166 167 1680 1872 201 2118 218 230 2348 2387 249 2516 2599 28 294 3 33 34 36 373 41 436 437 4469 47 526 6 88 92 
102 11225 11227 159 166 1680 1872 201 2118 218 230 2348 2387 249 2516 2599 28 294 3 33 34 36 373 41 437 4469 47 6 637 88 92 99 
11225 1404 159 166 167 1680 1872 201 2118 218 230 2348 2387 249 2516 2599 28 294 3 33 34 36 373 41 436 437 4469 47 526 6 88 92 
102 11225 11227 159 166 1680 1872 201 2118 218 230 2348 2387 249 2516 2599 28 294 3 33 34 36 373 41 437 4469 47 6 637 88 92 99 
102 11225 11227 11228 1306 159 166 1680 1872 201 2118 218 230 2348 2387 249 2516 2599 28 294 3 33 34 36 373 41 437 4469 47 6 637 88 92 95 99 
11225 1404 159 166 167 1680 1872 201 2118 218 2240 230 2348 2387 240 242 249 2516 2550 2599 28 294 3 33 34 36 373 41 436 437 4469 47 526 53 6 88 92 
11225 1404 159 166 167 1680 176 178 1872 201 2118 218 230 2348 237 2387 249 2516 2599 28 294 3 33 34 36 373 41 436 437 4469 47 526 6 87 88 92 
11225 1404 159 166 167 1680 176 178 1872 201 2118 218 230 2348 237 2387 249 2516 2599 28 294 3 33 34 36 373 41 436 437 4469 47 526 6 87 88 92 
11225 1404 159 166 167 1680 176 178 1872 201 2118 218 230 2348 237 2387 249 2516 2599 28 294 3 33 34 36 373 41 436 437 4469 47 526 6 87 88 92 
102 11225 11227 159 166 1680 1872 201 2118 218 230 2348 2387 249 2516 2599 28 294 3 33 34 36 373 41 437 4469 47 6 637 88 92 99 
102 11225 11227 159 166 1680 1872 201 2118 218 230 2348 2387 249 2516 2599 28 294 3 33 34 36 373 41 437 4469 47 6 637 88 92 99 
115 116 1160 117 1279 155 1553 1554 157 1982 2058 292 331 339 340 36 4336 512 514 5227 5415 6 602 6469 785 810 8533 87 90 
101 11229 11230 11231 1158 2263 3481 503 6 992 
115 116 1160 117 1279 155 1553 1554 157 1982 2058 292 331 339 340 36 4336 512 514 5227 5415 6 602 6469 785 810 8533 87 90 
115 116 1160 117 1279 155 1553 1554 157 1982 2058 292 331 339 340 36 4336 512 514 5227 5415 6 602 6469 785 810 8533 87 90 
115 116 1160 117 1279 155 1553 1554 157 1982 2058 292 331 339 340 36 4336 512 514 5227 5415 6 602 6469 785 810 8533 87 90 
101 11229 11230 11231 1158 2263 3481 503 6 992 
115 116 1160 117 1279 155 1553 1554 157 1982 2058 292 331 339 340 36 4336 512 514 5227 5415 6 602 6469 785 810 8533 87 90 
115 116 1160 117 1279 155 1553 1554 157 1982 2058 292 331 339 340 36 4336 512 514 5227 5415 6 602 6469 785 810 8533 87 90 
115 116 1160 117 1279 155 1553 1554 157 1982 2058 292 331 339 340 36 4336 512 514 5227 5415 6 602 6469 785 810 8533 87 90 
115 116 1160 117 1279 155 1553 1554 157 1982 2058 292 331 339 340 36 4336 438 512 514 5227 5415 6 602 6469 785 810 8533 87 90 
115 116 1160 117 1279 155 1553 1554 157 1982 2058 292 331 339 340 36 4336 512 514 5227 5415 6 602 6469 785 810 8533 87 90 
11171 11232 116 117 126 1279 152 155 157 1982 230 2348 279 292 331 339 340 36 4469 50 514 6 63 660 719 810 8533 96 97 
11171 11232 116 117 126 1279 152 155 157 1982 230 2348 279 292 331 339 340 36 438 4469 50 514 6 63 64 65 66 660 67 719 810 8533 96 97 
11171 11232 116 117 126 1279 152 155 157 1982 230 2348 279 292 331 339 340 36 4469 50 514 6 63 660 719 810 8533 96 97 
11171 11232 116 117 126 1279 152 155 157 1982 230 2348 279 292 331 339 340 36 438 4469 50 514 6 63 64 65 66 660 67 719 810 8533 96 97 
11171 11232 116 117 126 1279 152 155 157 1982 230 2348 279 292 331 339 340 36 4469 50 514 6 63 660 719 810 8533 96 97 
11171 11232 116 117 126 1279 152 155 157 1982 230 2348 279 292 331 339 340 36 438 4469 50 514 6 63 64 65 66 660 67 719 810 8533 96 97 
11171 11232 116 117 126 1279 152 155 157 1982 230 2348 279 292 331 339 340 36 4469 50 514 6 63 64 65 66 660 67 719 810 8533 96 97 
10 10632 11163 11164 11166 11192 11193 11194 11199 11200 11204 11233 113 115 1150 116 117 12 1256 1279 1306 14 150 155 157 158 1590 16 1690 171 1782 188 2061 2070 214 2194 224 2332 2374 24 240 25 279 3 3154 331 333 339 340 343 36 37 373 4161 434 4469 482 483 495 51 514 52 556 6 639 64 65 66 67 708 810 8533 87 9 97 98 
11167 11168 4290 
11169 1294 1815 36 6105 
11171 11232 116 117 126 1279 152 155 157 1982 230 2348 279 292 331 339 340 36 438 4469 50 514 6 63 660 719 810 8533 96 97 
11171 11232 116 117 126 1279 152 155 157 1982 230 2348 279 292 331 339 340 36 438 4469 50 514 6 63 660 719 810 8533 96 97 
115 116 117 1279 155 157 1982 240 264 279 292 331 339 340 36 50 514 5415 6 63 660 810 8533 96 97 98 
115 116 117 1279 155 157 1982 240 264 279 292 331 339 340 36 50 514 5415 6 63 660 810 8533 96 97 98 
115 116 117 1279 155 157 1982 240 264 279 292 331 339 340 36 50 514 5415 6 63 660 810 8533 96 97 98 
115 116 117 1279 155 157 1982 240 264 279 292 331 339 340 36 438 50 514 5415 6 63 660 810 8533 96 97 98 
115 116 117 1279 155 157 1982 240 264 279 292 331 339 340 36 50 514 5415 6 63 660 810 8533 96 97 98 
115 116 117 1279 155 157 1982 240 264 279 292 331 339 340 36 50 514 5415 6 63 660 810 8533 96 97 98 
115 116 117 1279 155 157 1982 240 264 279 292 331 339 340 36 50 514 5415 6 63 660 810 8533 96 97 98 
10 10632 11163 11164 11166 11192 11193 11194 11195 11199 11200 11202 11203 11234 11235 11236 11237 113 115 1150 116 117 1256 1279 1306 1346 14 155 157 1590 16 1690 17 171 1842 188 201 2061 2070 214 2194 224 240 2502 279 299 3 3182 331 339 340 343 349 36 37 373 4161 434 4469 482 483 495 51 514 551 556 6 64 65 66 675 708 7953 7956 799 810 8533 87 8873 9 9112 92 958 97 98 
11167 11168 4290 
11169 1294 1815 36 6105 
115 116 117 1279 155 157 1982 240 264 279 292 331 339 340 36 50 514 5415 6 63 660 810 8533 96 97 98 
115 116 117 1279 155 157 1982 240 264 279 292 331 339 340 36 50 514 5415 6 63 660 810 8533 96 97 98 
115 116 117 1279 1410 155 157 1982 331 339 340 3426 36 495 50 514 53 6 63 636 810 8533 
115 116 117 1279 155 157 1982 240 264 279 292 331 339 340 36 50 514 5415 6 63 660 810 8533 96 97 98 
115 116 117 1279 155 157 1982 240 264 279 292 331 339 340 36 438 50 514 5415 6 63 660 810 8533 96 97 98 
115 116 117 1279 155 157 1982 240 264 279 292 331 339 340 36 50 514 5415 6 63 660 810 8533 96 97 98 
115 116 117 1279 155 157 1982 240 264 279 292 331 339 340 36 50 514 5415 6 63 660 810 8533 96 97 98 
115 116 117 1279 155 157 1982 240 264 279 292 331 339 340 36 50 514 5415 6 63 660 810 8533 96 97 98 
115 116 117 1279 155 157 1982 240 264 279 292 331 339 340 36 50 514 5415 6 63 660 810 8533 96 97 98 
115 116 117 1279 155 157 1982 240 264 279 292 331 339 340 36 438 447 50 514 5415 6 63 660 810 8533 96 97 98 
115 116 117 1279 155 157 1982 240 264 279 292 331 339 340 36 50 514 5415 6 63 660 810 8533 96 97 98 
115 116 117 1279 155 157 1982 240 264 279 292 331 339 340 36 50 514 5415 6 63 660 810 8533 96 97 98 
115 116 117 1279 155 157 1982 240 264 279 292 331 339 340 36 50 514 5415 6 63 660 810 8533 96 97 98 
115 116 117 1279 155 157 1982 279 292 3070 331 339 340 36 50 514 5415 6 63 660 810 8533 920 96 97 
115 116 117 1279 155 157 1982 240 264 279 292 331 339 340 36 50 514 5415 6 63 660 810 8533 96 97 98 
11172 11238 115 116 117 1279 155 157 1690 170 1724 1725 1982 201 240 279 292 331 339 340 36 4469 482 483 50 514 59 6 63 65 66 660 810 8533 92 96 97 
11172 11238 11239 11240 11241 1132 115 116 117 1244 1279 155 157 1690 170 1716 1724 1725 1982 201 240 279 292 331 339 340 36 438 4469 447 482 483 50 514 59 6 63 65 66 660 810 8533 92 96 97 
10 10632 11163 11164 11192 11193 11194 11199 11200 11204 11236 11242 11243 113 115 1150 116 117 1256 1279 1306 14 155 157 1590 16 1690 17 171 188 2061 2070 214 2194 224 2332 240 257 258 279 299 3 331 339 340 343 349 36 37 373 389 4161 434 4469 482 483 495 51 512 514 551 556 6 64 65 66 708 810 8533 8550 87 9 958 97 98 
11167 11168 4290 
11169 1294 1815 36 6105 
11172 11238 115 116 117 1279 155 157 1690 170 1724 1725 1982 201 240 279 292 331 339 340 36 4469 482 483 50 514 59 6 63 65 66 660 810 8533 92 96 97 
11172 11238 115 116 117 1279 155 157 1690 170 1724 1725 1982 201 240 279 292 331 339 340 36 4469 482 483 50 514 59 6 63 65 66 660 810 8533 92 96 97 
11172 11238 115 116 117 1279 155 157 1690 170 1724 1725 1982 201 240 279 292 331 339 340 36 438 4469 482 483 50 514 59 6 63 65 66 660 810 8533 92 96 97 
11172 11238 115 116 117 1279 155 157 1690 170 1724 1725 1982 201 240 279 292 331 339 340 36 4469 482 483 50 514 59 6 63 65 66 660 810 8533 92 96 97 
11172 11238 115 116 117 1279 155 157 1690 170 1724 1725 1982 201 240 279 292 331 339 340 36 438 4469 482 483 50 514 59 6 63 65 66 660 810 8533 92 96 97 
11172 11238 115 116 117 1279 155 157 1690 170 1724 1725 1982 201 240 279 292 331 339 340 36 4469 482 483 50 514 59 6 63 65 66 660 810 8533 92 96 97 
11171 11172 11244 11245 1279 1320 155 157 1982 240 279 292 331 339 340 36 514 6 660 810 8533 857 96 97 
11171 11172 11244 11245 1279 1320 155 157 1982 240 279 292 331 339 340 36 514 6 660 810 8533 857 96 97 
11171 11172 11244 11245 1279 1320 155 157 1982 240 279 292 331 339 340 36 514 6 660 810 8533 857 96 97 
11171 11172 11244 11245 1279 1320 155 157 1982 240 279 292 331 339 340 36 514 6 660 810 8533 857 96 97 
11171 11172 11244 11245 1279 1320 155 157 1982 240 279 292 331 339 340 36 514 6 660 810 8533 857 96 97 
11171 11172 11244 11245 1279 1320 155 157 1982 240 279 292 331 339 340 36 514 6 660 810 8533 857 96 97 
11171 11172 11244 11245 1279 1320 155 157 1982 240 279 292 331 339 340 36 514 6 660 810 8533 857 96 97 
10 10632 11163 11164 11166 11192 11193 11194 11195 11199 11200 11202 11203 11204 11246 113 115 1150 116 117 12 1256 1279 1306 1346 14 155 157 16 1690 17 171 1842 188 2061 2070 214 2194 224 240 2502 279 3 331 339 340 343 349 36 37 373 389 4161 434 4469 449 482 483 495 51 514 52 5415 551 556 6 66 708 7953 7956 799 81 810 8533 87 9 9112 92 923 958 97 98 
11167 11168 4290 
11169 1294 1815 36 6105 
11171 11172 11244 11245 1279 1320 155 157 1982 240 279 292 331 339 340 36 514 6 660 810 8533 857 96 97 
11171 11172 11244 11245 1279 1320 155 157 1982 240 279 292 331 339 340 36 514 6 660 810 8533 857 96 97 
11171 11172 11244 11245 1279 1320 155 157 1982 240 279 292 331 339 340 36 514 6 660 810 8533 857 96 97 
11171 11172 11244 11245 1279 1320 155 157 1982 240 279 292 331 339 340 36 514 6 660 810 8533 857 96 97 
11247 115 116 117 1279 155 157 1982 240 331 339 340 3426 36 495 50 514 53 6 63 636 657 810 8533 
10198 1034 1077 150 3223 6 
1896 4172 6 7508 99 
105 10815 109 110 1686 2648 3557 50 6 754 911 
1782 2113 4161 79 797 
11180 11181 11182 11183 113 114 116 117 128 1324 176 187 265 344 4690 5764 6 
11184 1334 1979 2592 344 369 502 6 7657 
11185 11186 13 344 39 40 4154 6 
1294 162 1837 185 339 340 35 36 373 6 
11187 1172 135 188 6 
164 165 2165 225 376 43 6 
10579 11188 1837 344 4270 50 5043 6 63 79 
11189 36 6 9958 
123 124 125 126 127 36 454 
36 438 
10198 1034 105 10815 109 110 1411 240 241 3223 6 
1404 1554 1896 2648 3557 36 50 542 6 659 7508 90 911 99 
2113 4161 4459 797 
113 2905 344 35 36 52 6 7243 
11248 1547 53 
11249 519 6 
1279 157 1982 331 339 340 36 50 514 6 63 810 8533 
11171 11172 115 116 117 1279 155 157 1982 240 279 292 331 339 340 36 50 514 6 63 660 810 8533 96 97 
11171 11172 115 116 117 1279 155 157 1982 240 279 292 331 339 340 36 50 514 6 63 660 810 8533 96 97 
11171 11172 115 116 117 1279 155 157 1982 240 279 292 331 339 340 36 438 50 514 6 63 660 810 8533 96 97 
11171 11172 115 116 117 1279 155 157 1982 240 279 292 331 339 340 36 50 514 6 63 660 810 8533 96 97 
11171 11172 115 116 117 1279 155 157 1982 240 279 292 331 339 340 36 50 514 6 63 660 810 8533 96 97 
11171 11172 115 116 117 1279 155 157 1982 240 279 292 331 339 340 36 50 514 6 63 660 810 8533 96 97 
11171 11172 115 116 117 1279 155 157 1982 240 279 292 331 339 340 36 50 514 6 63 660 810 8533 96 97 
11171 11172 115 116 117 1279 155 157 1982 240 279 292 331 339 340 36 50 514 6 63 660 810 8533 96 97 
11171 11172 115 116 117 1279 155 157 1982 240 279 292 331 339 340 36 50 514 6 63 660 810 8533 96 97 
11171 11172 115 116 117 1279 155 157 1982 240 279 292 331 339 340 36 438 50 514 6 63 660 810 8533 96 97 
10796 11250 116 1163 117 1214 1279 155 157 1690 170 192 1982 240 2400 241 242 2686 298 3024 313 331 340 36 3880 449 50 514 59 6 63 632 65 654 66 7364 797 810 8533 857 870 923 9520 
115 116 117 1279 155 157 1982 240 2550 331 339 340 36 366 438 4697 50 514 6 63 810 8533 
10796 11250 116 1163 117 1214 1279 155 157 1690 170 192 1982 240 2400 241 242 2686 298 3024 313 331 340 36 3880 449 50 514 59 6 63 632 65 654 66 7364 797 810 8533 857 870 923 9520 
10796 11250 116 1163 117 1214 1279 155 157 1690 170 192 1982 240 2400 241 242 2686 298 3024 313 331 340 36 3880 449 50 514 59 6 63 632 65 654 66 7364 797 810 8533 857 870 923 9520 
11251 178 279 292 4090 514 5415 6 660 704 92 
11251 178 279 292 36 4090 438 514 5415 6 660 704 92 
10796 11250 116 1163 117 1214 1279 155 157 1690 170 192 1982 240 2400 241 242 2686 298 3024 313 331 340 36 3880 449 50 514 59 6 63 632 65 654 66 7364 797 810 8533 857 870 923 9520 
10796 11250 116 1163 117 1214 1279 155 157 1690 170 192 1982 240 2400 241 242 2686 298 3024 313 331 340 36 3880 449 50 514 59 6 63 632 65 654 66 7364 797 810 8533 857 870 923 9520 
10796 11250 116 1163 117 1214 1279 155 157 1690 170 192 1982 240 2400 241 242 2686 298 3024 313 331 340 36 3880 449 50 514 59 6 63 632 65 654 66 7364 797 810 8533 857 870 923 9520 
10796 11250 116 1163 117 1214 1279 155 157 1690 170 192 1982 240 2400 241 242 2686 298 3024 313 331 340 36 3880 449 50 514 59 6 63 632 65 654 66 7364 797 810 8533 857 870 923 9520 
10796 11250 116 1163 117 1214 1279 155 157 1690 170 192 1982 240 2400 241 242 2686 298 3024 313 331 340 36 3880 449 50 514 59 6 63 632 65 654 66 7364 797 810 8533 857 870 923 9520 
10796 11250 116 1163 117 1214 1279 155 157 1690 170 192 1982 240 2400 241 242 2686 298 3024 313 331 340 36 3880 449 50 514 59 6 63 632 65 654 66 7364 797 810 8533 857 870 923 9520 
10796 11250 116 1163 117 1214 1279 155 157 1690 170 192 1982 240 2400 241 242 2686 298 3024 313 331 340 36 3880 449 50 514 59 6 63 632 65 654 66 7364 797 810 8533 857 870 923 9520 
10796 11250 116 1163 117 1214 1279 155 157 1690 170 192 1982 240 2400 241 242 2686 298 3024 313 331 340 36 3880 449 50 514 59 6 63 632 65 654 66 7364 797 810 8533 857 870 923 9520 
10796 11250 116 1163 117 1214 1279 155 157 1690 170 192 1982 240 2400 241 242 2686 298 3024 313 331 340 36 3880 438 449 50 514 59 6 63 632 65 654 66 7364 797 810 8533 857 870 923 9520 
11252 11253 115 116 117 1279 1334 155 157 1982 238 331 339 340 36 50 514 53 6 63 810 8533 
11171 11172 115 116 117 1279 155 157 1982 240 279 292 331 339 340 36 50 514 6 63 660 810 8533 96 97 
11171 11172 115 116 117 1279 155 157 1982 240 279 292 331 339 340 36 50 514 6 63 660 810 8533 96 97 
115 116 117 1279 155 157 1982 240 331 339 340 3426 36 495 50 514 53 6 63 810 8533 
11171 11172 115 116 117 1279 155 157 1982 240 279 292 331 339 340 36 50 514 6 63 660 810 8533 96 97 
11171 11172 115 116 117 1279 155 157 1982 240 279 292 331 339 340 36 50 514 6 63 660 810 8533 96 97 
11171 11172 115 116 117 1279 155 157 1982 240 279 292 331 339 340 36 50 514 6 63 660 810 8533 96 97 
11171 11172 115 116 117 1279 155 157 1982 240 279 292 331 339 340 36 50 514 6 63 660 810 8533 96 97 
10 10632 11163 11166 11192 11193 11194 11199 11200 11204 11254 11255 113 115 1150 116 117 12 1256 1279 1306 14 155 157 1590 16 1690 170 171 1782 188 2061 2070 214 2194 224 2332 2374 24 240 25 257 258 279 3 331 333 339 340 343 36 37 373 4161 434 4469 482 483 495 50 51 514 52 526 5357 5966 6 60 639 64 65 656 66 67 675 6790 708 796 810 8533 866 9 90 97 98 
11167 11168 4290 
11169 1294 1815 36 6105 
11239 11240 11241 1244 1716 36 438 447 
11171 11172 115 116 117 1279 155 157 1982 240 279 292 331 339 340 36 50 514 6 63 660 810 8533 96 97 
11171 11172 115 116 117 1279 155 157 1982 240 279 292 331 339 340 36 50 514 6 63 660 810 8533 96 97 
11171 11172 115 116 117 1279 155 157 1982 240 279 292 331 339 340 36 50 514 6 63 660 810 8533 96 97 
11171 11172 115 116 117 1279 155 157 1982 240 279 292 331 339 340 36 50 514 6 63 660 810 8533 96 97 
11171 11172 115 116 117 1279 155 157 1982 240 279 292 331 339 340 36 50 514 6 63 660 810 8533 96 97 
11171 11172 115 116 117 1279 155 157 1982 240 279 292 331 339 340 36 50 514 6 63 660 810 8533 96 97 
11171 11172 115 116 117 1279 155 157 1982 240 279 292 331 339 340 36 50 514 6 63 660 810 8533 96 97 
11171 11172 115 116 117 1279 155 157 1982 240 279 292 331 339 340 36 50 514 6 63 660 810 8533 96 97 
11171 11172 115 116 117 1279 155 157 1982 240 279 292 331 339 340 36 50 514 6 63 660 810 8533 96 97 
11171 11172 115 116 117 1279 155 157 1982 240 279 292 331 339 340 36 50 514 6 63 660 810 8533 96 97 
11171 11172 115 116 117 1279 155 157 1982 240 279 292 331 339 340 36 50 514 6 63 660 810 8533 96 97 
11171 11172 115 116 117 1279 155 157 1982 240 279 292 331 339 340 36 50 514 6 63 660 810 8533 96 97 
11171 11172 115 116 117 1279 155 157 1982 240 279 292 331 339 340 36 50 514 6 63 660 810 8533 96 97 
11171 11172 115 116 117 1279 155 157 1982 240 279 292 331 339 340 36 50 514 6 63 660 810 8533 96 97 
11171 11172 115 116 117 1279 155 157 1982 240 279 292 331 339 340 36 50 514 6 63 660 810 8533 96 97 
11171 11172 115 116 117 1279 155 157 1982 240 279 292 331 339 340 36 50 514 6 63 660 810 8533 96 97 
11171 11172 11211 1154 21 240 279 28 292 307 33 34 37 372 41 4510 6 660 803 96 97 
11171 11172 11211 1154 21 240 279 28 292 307 33 34 37 372 41 4510 6 660 803 96 97 
11171 11172 11211 1154 21 240 279 28 292 307 33 34 37 372 41 4510 6 660 803 96 97 
11171 11172 11211 1154 21 240 279 28 292 307 33 34 37 372 41 4510 6 660 803 96 97 
11171 11172 11211 1154 21 240 279 28 292 307 33 34 36 37 372 41 438 4510 6 660 803 96 97 
11171 11172 11211 1154 21 240 279 28 292 307 33 34 37 372 41 4510 6 660 803 96 97 
11171 11172 11211 1154 21 240 279 28 292 307 33 34 37 372 41 4510 6 660 803 96 97 
11171 11172 11211 1154 21 240 279 28 292 307 33 34 37 372 41 4510 6 660 803 96 97 
11171 11172 11211 1154 21 240 279 28 292 307 33 34 37 372 41 4510 6 660 803 96 97 
11171 11172 11211 1154 21 240 279 28 292 307 33 34 37 372 41 4510 6 660 803 96 97 
11171 11172 11211 1154 21 240 279 28 292 307 33 34 37 372 41 4510 6 660 803 96 97 
11171 11172 11211 1154 21 240 279 28 292 307 33 34 36 37 372 41 438 4510 6 660 803 96 97 
11171 11172 11211 1154 21 240 279 28 292 307 33 34 37 372 41 4510 6 660 803 96 97 
11171 11172 11211 1154 21 240 279 28 292 307 33 34 37 372 41 4510 6 660 803 96 97 
11171 11172 11211 1154 21 240 279 28 292 307 33 34 37 372 41 4510 6 660 803 96 97 
11171 11172 11211 1154 21 240 279 28 292 307 33 34 37 372 41 4510 6 660 803 96 97 
11171 11172 11211 1154 21 240 279 28 292 307 33 34 37 372 41 4510 6 660 803 96 97 
11171 11172 11211 1154 21 240 279 28 292 307 33 34 37 372 41 4510 6 660 803 96 97 
11171 11172 11211 1154 21 240 279 28 292 307 33 34 37 372 41 4510 6 660 803 96 97 
11171 11172 11211 1154 21 240 279 28 292 307 33 34 36 37 372 41 438 4510 6 660 803 96 97 
11196 115 116 117 1279 155 157 1722 1880 192 1982 292 299 331 339 340 36 50 512 514 5415 6 63 810 8533 87 
11196 115 116 117 1279 155 157 1722 1880 192 1982 292 299 331 339 340 36 50 512 514 5415 6 63 810 8533 87 
11196 115 116 117 1279 155 157 1722 1880 192 1982 292 299 331 339 340 36 50 512 514 5415 6 63 810 8533 87 
11196 115 116 117 1279 155 157 1722 1880 192 1982 292 299 331 339 340 36 50 512 514 5415 6 63 810 8533 87 
11196 115 116 117 1279 155 157 1722 1880 192 1982 292 299 331 339 340 36 50 512 514 5415 6 63 810 8533 87 
10 10632 11163 11164 11166 11192 11193 11194 11199 11200 11204 11256 113 115 1150 116 117 12 1256 1279 1306 14 155 157 1590 16 1690 171 1842 188 2061 2070 214 2194 224 2332 2374 24 240 25 279 299 3 321 331 339 340 343 36 37 373 4161 434 4469 482 483 495 51 514 52 556 6 64 65 66 67 708 7956 796 810 8533 87 9 9112 97 98 
11167 11168 4290 
11169 1294 1815 36 6105 
36 438 
11196 115 116 117 1279 155 157 1722 1880 192 1982 292 299 331 339 340 36 50 512 514 5415 6 63 810 8533 87 
11196 115 116 117 1279 155 157 1722 1880 192 1982 292 299 331 339 340 36 50 512 514 5415 6 63 810 8533 87 
11196 115 116 117 1279 155 157 1722 1880 192 1982 292 299 331 339 340 36 50 512 514 5415 6 63 810 8533 87 
11196 115 116 117 1279 155 157 1722 1880 192 1982 292 299 331 339 340 36 50 512 514 5415 6 63 810 8533 87 
11196 115 116 117 1279 155 157 1722 1880 192 1982 292 299 331 339 340 36 50 512 514 5415 6 63 810 8533 87 
11196 115 116 117 1279 155 157 1722 1880 192 1982 292 299 331 339 340 36 50 512 514 5415 6 63 810 8533 87 
11196 115 116 117 1279 155 157 1722 1880 192 1982 292 299 331 339 340 36 50 512 514 5415 6 63 810 8533 87 
11196 115 116 117 1279 155 157 1722 1880 192 1982 292 299 331 339 340 36 50 512 514 5415 6 63 810 8533 87 
11196 115 116 117 1279 155 157 1722 1880 192 1982 292 299 331 339 340 36 50 512 514 5415 6 63 810 8533 87 
115 116 117 1279 151 155 157 1982 279 292 331 339 340 36 50 514 5415 6 63 660 810 8533 87 
115 116 117 1279 151 155 157 1982 279 292 331 339 340 36 50 514 5415 6 63 660 810 8533 87 
10 10632 11163 11164 11192 11193 11194 11199 11200 11202 11203 11204 11257 11258 11259 113 115 1150 116 117 12 125 1256 1279 1306 14 151 155 157 1590 16 171 1842 188 200 2061 2070 214 2194 224 2332 24 240 25 279 281 3 331 339 340 343 36 37 373 391 4161 434 4469 482 483 495 51 514 52 556 6 65 66 708 79 7956 810 8533 87 9 90 9112 97 98 
11167 11168 4290 
11169 1294 1815 36 6105 
115 116 117 1279 151 155 157 1982 279 292 331 339 340 36 50 514 5415 6 63 660 810 8533 87 
11260 11261 21 240 241 246 28 315 33 34 341 36 366 371 3726 375 4109 6 7829 
115 116 117 1279 151 155 157 1982 279 292 331 339 340 36 50 514 5415 6 63 660 810 8533 87 
115 116 117 1279 151 155 157 1982 279 292 331 339 340 36 50 514 5415 6 63 660 810 8533 87 
11261 11262 1769 21 246 2604 2605 27 28 33 34 341 36 371 375 4109 438 6 
115 116 117 1279 151 155 157 1982 279 292 331 339 340 36 50 514 5415 6 63 660 810 8533 87 
115 116 117 1279 151 155 157 1982 279 292 331 339 340 36 50 514 5415 6 63 660 810 8533 87 
115 116 117 1279 151 155 157 1982 279 292 331 339 340 36 50 514 5415 6 63 660 810 8533 87 
11260 11261 21 240 241 246 28 315 33 34 341 36 366 371 3726 375 4109 6 7829 
115 116 117 1279 151 155 157 1982 279 292 331 339 340 36 50 514 5415 6 63 660 810 8533 87 
1279 155 157 1982 2272 240 2984 2985 331 339 340 3454 366 37 4880 50 6 63 810 8533 
11263 11264 115 116 117 1269 1279 151 155 157 1784 1982 331 339 340 36 422 50 514 6 63 636 810 8533 87 
115 116 117 1279 151 155 157 1982 279 292 331 339 340 36 50 514 5415 6 63 660 810 8533 87 
1279 155 157 1982 2272 240 2984 2985 331 339 340 3454 366 37 4880 50 6 63 810 8533 
11263 11264 115 116 117 1269 1279 151 155 157 1784 1982 331 339 340 36 422 50 514 6 63 636 810 8533 87 
11224 115 116 117 1279 1332 139 155 157 174 178 1982 2906 314 331 339 340 36 50 5106 514 5148 536 542 6 63 6338 79 810 8533 87 92 
11224 115 116 117 1279 1332 139 155 157 174 178 1982 2906 314 331 339 340 36 50 5106 514 5148 536 542 6 63 6338 79 810 8533 87 92 
11265 115 116 117 1279 155 157 1982 240 2604 2605 331 339 340 36 366 50 514 6 63 810 8533 
11224 115 116 117 1279 1332 139 155 157 174 178 1982 2906 314 331 339 340 36 50 5106 514 5148 536 542 6 63 6338 79 810 8533 87 92 
11224 115 116 117 1279 1332 139 155 157 174 178 1982 2906 314 331 339 340 36 50 5106 514 5148 536 542 6 63 6338 79 810 8533 87 92 
11224 115 116 117 1279 1332 139 155 157 174 178 1982 2906 314 331 339 340 36 50 5106 514 5148 536 542 6 63 6338 79 810 8533 87 92 
10 10632 11163 11164 11166 11192 11193 11194 11199 11200 11202 11203 11204 113 115 1150 116 117 12 1256 1279 1306 14 151 155 157 1590 16 1690 171 1842 188 2061 2070 214 2194 224 2332 24 240 25 279 3 331 339 340 343 36 37 373 4161 434 4469 482 483 495 51 514 52 556 6 64 65 66 67 708 7956 810 8533 87 9 9112 97 98 
11167 11168 4290 
11169 1294 1815 36 6105 
11224 115 116 117 1279 1332 139 155 157 174 178 1982 2906 314 331 339 340 36 50 5106 514 5148 536 542 6 63 6338 79 810 8533 87 92 
11224 115 116 117 1215 1279 1332 139 155 157 174 178 2906 314 339 340 36 5106 514 5148 536 542 6 6338 79 8533 87 92 
65 
101 1099 11266 11267 113 1159 116 117 122 1346 2487 2511 291 292 2966 36 39 395 4619 542 543 56 6 6424 655 695 79 87 90 911 912 92 9480 
156 28 431 803 
157 31 33 338 34 36 
161 42 
1109 59 6 63 65 
101 1099 11266 11267 113 1159 116 117 122 1346 2487 2511 291 292 2966 36 39 395 4619 542 543 56 6 6424 655 695 79 87 90 911 912 92 9480 
156 28 431 803 
157 31 33 338 34 36 
161 42 
1109 59 6 63 65 
101 1099 11266 11267 113 1159 116 117 122 1346 2487 2511 291 292 2966 36 39 395 4619 542 543 56 6 6424 655 695 79 87 90 911 912 92 9480 
156 28 431 803 
157 31 33 338 34 36 
161 42 
1109 59 6 63 65 
11268 113 1159 116 117 122 1346 2487 2511 291 292 2966 36 39 395 4619 542 543 56 6 6424 655 695 79 87 90 911 912 92 9480 
156 28 431 803 
157 31 33 338 34 36 
161 42 
1109 36 4167 59 6 63 
11269 114 1290 198 2473 2939 36 422 6 87 90 
11270 116 156 176 1835 2487 28 292 2980 431 5106 5353 6 803 87 
157 218 31 33 338 34 36 
161 42 
1109 11271 188 1999 4708 59 6 63 
11269 114 1290 198 2473 2939 36 422 6 87 90 
11270 116 156 176 1835 2487 28 292 2980 431 5106 5353 6 803 87 
157 218 31 33 338 34 36 
161 42 
1109 59 6 63 65 
11269 114 1290 198 2473 2939 36 422 6 87 90 
1835 292 6 
11272 116 1707 176 240 2487 5353 6 87 
156 28 431 803 
157 218 31 33 338 34 36 
161 42 
1109 59 6 63 65 
11273 11274 1731 2289 2686 2898 313 366 39 4231 6 654 98 
11269 114 1290 198 2473 2939 36 422 6 87 90 
1835 292 6 
116 176 2487 5353 6 87 
156 28 4142 431 6 803 
157 218 31 33 338 34 36 
161 162 185 224 42 45 6 
1109 11271 11275 11276 121 122 1221 143 188 1999 4708 5414 59 6 63 
11001 11277 11278 1266 1835 237 292 297 6 92 
116 117 128 1463 152 1565 1835 192 235 2569 258 292 36 3862 4690 512 514 6 6993 7569 79 9 90 988 
1152 1153 1154 1155 155 28 29 332 6 803 812 
157 218 31 33 338 34 36 
161 162 185 224 3454 376 41 45 6 855 
181 6 63 7750 
11001 11278 11279 122 1266 1769 1835 212 2604 2605 292 297 458 6 755 78 92 
116 117 128 1463 152 1565 1835 192 235 2569 258 292 36 3862 4690 512 514 6 6993 7569 79 9 90 988 
1152 1153 1154 1155 155 28 29 332 6 803 812 
157 218 31 33 338 34 36 
161 162 185 224 3454 376 41 45 6 855 
181 6 63 7750 
11001 11277 11278 1266 1835 237 292 297 6 92 
116 117 128 1463 152 1565 1835 192 235 2569 258 292 36 3862 4690 512 514 6 6993 7569 79 9 90 988 
1152 1153 1154 1155 155 28 29 332 6 803 812 
157 218 31 33 338 34 36 
161 162 185 224 3454 376 41 45 6 855 
11189 1127 11280 11281 11282 11283 1375 1764 181 36 6 63 7750 
1149 188 2242 268 
36 438 447 5551 
11001 11277 11278 1266 1835 237 292 297 6 92 
116 117 128 1463 152 1565 1835 192 235 2569 258 292 36 3862 4690 512 514 6 6993 7569 79 9 90 988 
1152 1153 1154 1155 155 28 29 332 6 803 812 
157 218 31 33 338 34 36 
161 162 185 224 3454 376 41 45 6 855 
173 181 36 386 586 6 63 7750 
101 108 11278 11284 11285 11286 11287 11288 2686 297 3287 341 366 6 8454 
11289 3222 366 6 
11290 116 117 128 1463 152 1565 1835 192 1967 235 2569 258 292 3239 36 366 3862 4690 512 514 6 6993 7569 79 9 90 988 
1152 1153 1154 1155 155 28 29 332 6 803 812 
157 218 31 33 338 34 36 
11291 161 162 185 2073 224 2406 2686 332 341 376 41 45 6 757 
181 6 63 7750 
101 108 11278 11284 11285 11286 11287 11288 2686 297 3287 341 366 6 8454 
11289 3222 366 6 
11290 116 117 128 1463 152 1565 1835 192 1967 235 2569 258 292 3239 36 366 3862 4690 512 514 6 6993 7569 79 9 90 988 
1152 1153 1154 1155 155 28 29 332 6 803 812 
157 218 31 33 338 34 36 
11291 161 162 185 2073 224 2406 2686 332 341 376 41 45 6 757 
181 6 63 7750 
11278 11284 2604 2605 297 6 755 
11289 3222 366 6 
116 117 128 1463 152 1565 1835 192 235 2569 258 292 36 3862 4690 512 514 6 6993 7569 79 9 90 988 
1152 1153 1154 1155 155 28 29 332 6 803 812 
157 218 31 33 338 34 36 
11291 161 162 185 2073 224 2406 2686 332 341 376 41 45 6 757 
181 36 438 447 6 63 7750 
173 1835 292 6 
116 117 128 142 1463 152 1565 1767 1835 1837 192 235 2569 258 292 36 3862 4690 512 514 5385 6 6040 6993 7569 79 9 90 988 
1152 1153 1154 1155 155 28 29 332 6 803 812 
157 218 31 33 338 34 36 
11291 161 162 185 2073 224 2406 2686 332 341 376 41 45 6 757 
181 6 63 7750 
11278 11284 2604 2605 297 6 755 
11289 3222 366 6 
116 117 128 1463 152 1565 1835 192 235 2569 258 292 36 3862 4690 512 514 6 6993 7569 79 9 90 988 
1152 1153 1154 1155 155 28 29 332 6 803 812 
157 218 31 33 338 34 36 
11291 161 162 185 2073 224 2406 2686 332 341 376 41 45 6 757 
181 6 63 7750 
173 1835 292 6 
116 117 128 142 1463 152 1565 1767 1835 1837 192 235 2569 258 292 36 3862 4690 512 514 5385 6 6040 6993 7569 79 9 90 988 
1152 1153 1154 1155 155 28 29 332 6 803 812 
157 218 31 33 338 34 36 
11291 161 162 185 2073 224 2406 2686 332 341 376 41 45 6 757 
181 6 63 7750 
11278 11284 297 6 
11289 3222 366 6 
116 117 128 1463 152 1565 1835 192 235 2569 258 292 36 3862 4690 512 514 6 6993 7569 79 9 90 988 
1152 1153 1154 1155 155 28 29 332 6 803 812 
157 218 31 33 338 34 36 
11291 161 162 185 2073 224 2406 2686 332 341 376 41 45 6 757 
181 6 63 7750 
173 1835 292 6 
116 117 128 142 1463 152 1565 1767 1835 1837 192 235 2569 258 292 36 3862 4690 512 514 5385 6 6040 6993 7569 79 9 90 988 
1152 1153 1154 1155 155 28 29 332 6 803 812 
157 218 31 33 338 34 36 
11291 161 162 185 2073 224 2406 2686 332 341 376 41 45 6 757 
181 6 63 7750 
101 11287 11292 2073 341 3483 366 6 9690 
116 117 128 142 1463 152 1565 1767 1835 1837 192 235 2569 258 292 36 3862 4690 512 514 5385 6 6040 6993 7569 79 9 90 988 
1152 1153 1154 1155 155 28 29 332 6 803 812 
157 218 31 33 338 34 36 
11291 161 162 185 2073 224 2406 2686 332 341 376 41 45 6 757 
181 6 63 7750 
11278 11284 297 6 
11289 3222 366 6 
116 117 128 1463 152 1565 1835 192 235 2569 258 292 36 3862 4690 512 514 6 6993 7569 79 9 90 988 
1152 1153 1154 1155 155 28 29 332 6 803 812 
157 218 31 33 338 34 36 
11291 161 162 185 2073 224 2406 2686 332 341 376 41 45 6 757 
181 6 63 7750 
173 1835 292 6 
116 117 128 142 1463 152 1565 1767 1835 1837 192 235 2569 258 292 36 3862 4690 512 514 5385 6 6040 6993 7569 79 9 90 988 
1152 1153 1154 1155 155 28 29 332 6 803 812 
157 218 31 33 338 34 36 
11291 161 162 185 2073 224 2406 2686 332 341 376 41 45 6 757 
181 6 63 7750 
104 105 11293 11294 113 115 116 1199 122 1294 142 1445 145 1686 1707 1731 1835 2058 234 292 2966 3154 36 376 381 386 4161 449 491 502 514 5353 6 78 79 8426 87 90 998 
155 156 28 803 
246 33 338 34 341 36 
11295 11296 162 171 224 343 375 376 42 6 65 66 
104 105 11293 11294 113 115 116 1199 122 1294 142 1445 145 1686 1707 1731 1835 2058 234 292 2966 3154 36 376 381 386 4161 449 491 502 514 5353 6 78 79 8426 87 90 998 
155 156 28 803 
246 33 338 34 341 36 
11296 143 162 171 224 343 36 375 376 381 386 42 586 6 64 65 66 78 
1149 188 2242 268 
104 105 11293 11294 113 115 116 1199 122 1294 142 1445 145 1686 1707 1731 1835 2058 234 292 2966 3154 36 376 381 386 4161 449 491 502 514 5353 6 78 79 8426 87 90 998 
155 156 28 803 
246 33 338 34 341 36 
11296 162 171 224 343 36 375 376 381 386 42 586 6 64 65 66 78 
1149 188 2242 268 
36 438 
104 105 11293 11294 113 115 116 1199 122 1294 142 1445 145 1686 1707 1731 1835 2058 234 292 2966 3154 36 376 381 386 4161 449 491 502 514 5353 6 78 79 8426 87 90 998 
155 156 28 803 
246 33 338 34 341 36 
11189 1127 11280 11281 11282 11283 11296 1375 162 171 1764 224 343 36 375 376 42 6 64 65 66 
1149 188 2242 268 
36 438 447 
101 11297 116 117 1279 152 155 157 1577 1982 260 331 339 340 36 4697 514 6 810 8533 911 
116 117 1279 145 152 155 157 1880 1982 331 339 340 36 406 438 461 50 512 514 5852 6 63 78 79 810 8533 87 92 96 
116 117 1279 145 152 155 157 1880 1982 331 339 340 36 406 461 50 512 514 5852 6 63 78 79 810 8533 87 92 96 
116 117 1279 145 152 155 157 1880 1982 331 339 340 36 406 461 50 512 514 5852 6 63 78 79 810 8533 87 92 96 
116 117 1279 145 152 155 157 1880 1982 331 339 340 36 406 438 461 50 512 514 5852 6 63 78 79 810 8533 87 92 96 
116 117 1279 145 152 155 157 1880 1982 331 339 340 36 406 461 50 512 514 5852 6 63 78 79 810 8533 87 92 96 
116 117 1279 145 152 155 157 1880 1982 331 339 340 36 406 461 50 512 514 5852 6 63 78 79 810 8533 87 92 96 
116 117 1279 145 152 155 157 1880 1982 331 339 340 36 406 461 50 512 514 5852 6 63 78 79 810 8533 87 92 96 
116 117 1279 145 152 155 157 1880 1982 331 339 340 36 406 461 50 512 514 5852 6 63 78 79 810 8533 87 92 96 
11171 11172 115 116 117 1279 155 157 1982 240 279 292 331 339 340 36 50 514 6 63 660 810 8533 96 97 
11171 11172 115 116 117 1279 155 157 1982 240 279 292 331 339 340 36 50 514 6 63 660 810 8533 96 97 
11171 11172 115 116 117 1279 155 157 1982 240 279 292 331 339 340 36 50 514 6 63 660 810 8533 96 97 
11171 11172 115 116 117 1279 155 157 1982 240 279 292 331 339 340 36 50 514 6 63 660 810 8533 96 97 
11171 11172 115 116 117 1279 155 157 1982 240 279 292 331 339 340 36 50 514 6 63 660 810 8533 96 97 
11171 11172 115 116 117 1279 155 157 1982 240 279 292 331 339 340 36 50 514 6 63 660 810 8533 96 97 
10 10632 11163 11164 11193 11194 11199 11200 11201 11202 11203 11204 113 115 1150 116 117 12 125 1256 1279 1306 14 155 157 1590 16 1690 171 1842 188 2061 2070 214 2194 224 2332 240 279 281 292 3 331 339 340 343 349 36 37 373 4161 434 4469 482 483 495 51 512 514 52 5415 556 6 64 65 66 708 7956 810 8533 87 9112 97 98 
11167 11168 4290 
11169 1294 1815 36 6105 
11171 11172 115 116 117 1279 155 157 1982 240 279 292 331 339 340 36 50 514 6 63 660 810 8533 96 97 
11171 11172 115 116 117 1279 155 157 1982 240 279 292 331 339 340 36 50 514 6 63 660 810 8533 96 97 
11171 11172 115 116 117 1279 155 157 1982 240 279 292 331 339 340 36 50 514 6 63 660 810 8533 96 97 
11171 11172 115 116 117 1279 155 157 1982 240 279 292 331 339 340 36 50 514 6 63 660 810 8533 96 97 
11171 11172 115 116 117 1279 155 157 1982 240 279 292 331 339 340 36 50 514 6 63 660 810 8533 96 97 
11171 11172 115 116 117 1279 155 157 1982 240 279 292 331 339 340 36 50 514 6 63 660 810 8533 96 97 
11171 11172 115 116 117 1279 155 157 1982 240 279 292 331 339 340 36 50 514 6 63 660 810 8533 96 97 
1077 11210 11298 1152 1154 116 117 1214 1279 1566 157 1982 2612 27 28 29 313 331 340 3549 36 50 514 5308 6 63 654 797 810 811 
11171 11298 11299 116 117 1214 1279 155 157 1982 240 279 292 314 3223 331 340 36 50 514 6 63 660 810 8533 96 97 
11171 11298 11299 116 117 1214 1279 155 157 1982 240 279 292 314 3223 331 340 36 50 514 6 63 660 810 8533 96 97 
11171 11298 11299 116 117 1214 1279 155 157 1982 240 279 292 314 3223 331 340 36 50 514 6 63 660 810 8533 96 97 
10 10184 10632 11163 11164 11165 11192 11193 11194 11199 11200 11240 11241 113 11300 11301 11302 11303 11304 11305 1150 116 1163 117 12 1244 1256 1279 1306 14 150 152 155 157 1590 16 1690 171 1716 1782 1842 188 2061 2070 214 2194 224 2332 2368 2374 24 240 25 279 281 299 3 321 3222 331 339 340 343 36 37 373 4161 434 4469 482 483 485 495 51 514 52 556 59 6 65 66 67 708 734 7704 79 7956 799 810 8533 87 9 9112 97 98 
11167 11168 4290 
11169 1294 1815 36 6105 
11171 11298 11299 116 117 1214 1279 155 157 1982 240 279 292 314 3223 331 340 36 50 514 6 63 660 810 8533 96 97 
11171 11298 11299 116 117 1214 1279 155 157 1982 240 279 292 314 3223 331 340 36 50 514 6 63 660 810 8533 96 97 
11171 11298 11299 116 117 1214 1279 155 157 1982 240 279 292 314 3223 331 340 36 50 514 6 63 660 810 8533 96 97 
11171 11298 11299 116 117 1214 1279 155 157 1982 240 279 292 314 3223 331 340 36 50 514 6 63 660 810 8533 96 97 
11171 11298 11299 116 117 1214 1279 155 157 1982 240 279 292 314 3223 331 340 36 50 514 6 63 660 810 8533 96 97 
11171 11298 11299 116 117 1214 1279 155 157 1982 240 279 292 314 3223 331 340 36 50 514 6 63 660 810 8533 96 97 
11171 11298 11299 116 117 1214 1279 155 157 1982 240 279 292 314 3223 331 340 36 50 514 6 63 660 810 8533 96 97 
101 11247 11298 116 117 1214 1279 155 157 1982 2348 331 340 36 495 50 514 53 6 63 6740 810 8533 911 912 
11171 11298 11299 116 117 1214 1279 155 157 1982 240 279 292 314 3223 331 340 36 50 514 6 63 660 810 8533 96 97 
11171 11298 11299 116 117 1214 1279 155 157 1982 240 279 292 314 3223 331 340 36 50 514 6 63 660 810 8533 96 97 
11171 11298 11299 116 117 1214 1279 155 157 1982 240 279 292 314 3223 331 340 36 50 514 6 63 660 810 8533 96 97 
11171 11298 11299 116 117 1214 1279 155 157 1982 240 279 292 314 3223 331 340 36 50 514 6 63 660 810 8533 96 97 
11171 11298 11299 116 117 1214 1279 155 157 1982 240 279 292 314 3223 331 340 36 50 514 6 63 660 810 8533 96 97 
11171 11172 115 116 117 1279 155 157 1982 240 279 292 331 339 340 36 50 514 6 63 660 810 8533 96 97 
11171 11172 115 116 117 1279 155 157 1982 240 279 292 331 339 340 36 50 514 6 63 660 810 8533 96 97 
11171 11172 115 116 117 1279 155 157 1982 240 279 292 331 339 340 36 50 514 6 63 660 810 8533 96 97 
11171 11172 115 116 117 1279 155 157 1982 240 279 292 331 339 340 36 50 514 6 63 660 810 8533 96 97 
11171 11172 115 116 117 1279 155 157 1982 240 279 292 331 339 340 36 438 50 514 6 63 660 810 8533 96 97 
11171 11172 115 116 117 1279 155 157 1982 240 279 292 331 339 340 36 50 514 6 63 660 810 8533 96 97 
11171 11172 115 116 117 1279 155 157 1982 240 279 292 331 339 340 36 50 514 6 63 660 810 8533 96 97 
11171 11172 115 116 117 1279 155 157 1982 240 279 292 331 339 340 36 50 514 6 63 660 810 8533 96 97 
11171 11172 115 116 117 1279 155 157 1982 240 279 292 331 339 340 36 438 50 514 6 63 660 810 8533 96 97 
11171 11172 115 116 117 1279 155 157 1982 240 279 292 331 339 340 36 50 514 6 63 660 810 8533 96 97 
11171 11172 115 116 117 1279 155 157 1982 240 279 292 331 339 340 36 50 514 6 63 660 810 8533 96 97 
11171 11172 115 116 117 1279 155 157 1982 240 279 292 331 339 340 36 50 514 6 63 660 810 8533 96 97 
11171 11172 115 116 117 1279 155 157 1982 240 279 292 331 339 340 36 50 514 6 63 660 810 8533 96 97 
11171 11172 115 116 117 240 279 292 431 6 660 96 97 
1153 1154 2612 29 332 3376 6 7234 732 
157 218 31 33 338 34 36 
161 42 
6 63 
11306 1703 192 2511 2966 3245 36 542 6 
11307 11308 1152 1153 1154 116 117 155 1835 2487 2612 28 29 292 332 514 543 6 7234 732 79 803 812 87 92 
157 218 31 33 338 34 36 
161 42 
6 63 
11306 1703 192 2511 2966 3245 36 542 6 
11307 11308 1152 1153 1154 116 117 155 1835 2487 2612 28 29 292 332 514 543 6 7234 732 79 803 812 87 92 
157 218 31 33 338 34 36 
161 42 
6 63 
11306 1703 192 2511 2966 3245 36 542 6 
11307 11309 1152 1153 1154 116 117 155 1835 2487 2612 28 29 332 543 6 7234 732 79 803 812 87 92 
157 218 31 33 338 34 36 
161 42 
6 63 
11306 1703 192 2511 2966 3245 36 542 6 
11307 11309 1152 1153 1154 116 117 155 1835 2487 2612 28 29 332 543 6 7234 732 79 803 812 87 92 
157 218 31 33 338 34 36 
161 162 185 224 42 45 6 
1109 59 6 63 65 
11306 1703 192 2511 2966 3245 36 542 6 
11307 11309 1152 1153 1154 116 117 155 1835 2487 2612 28 29 332 543 6 7234 732 79 803 812 87 92 
157 218 31 33 338 34 36 
161 162 185 224 42 45 6 
1109 59 6 63 65 
11306 1703 192 2511 2966 3245 36 542 6 
11307 1152 1153 1154 116 117 155 1835 2487 2612 28 29 292 2958 332 543 6 7234 732 755 79 803 812 87 92 
157 218 31 33 338 34 36 
161 162 185 224 42 45 6 
1109 59 6 63 65 
11306 11310 143 1703 1767 192 241 2511 2966 3245 36 366 4114 4135 5106 542 6 7829 797 865 9373 
1015 1152 1153 1154 116 117 1208 155 2612 2615 2662 28 29 332 3394 3395 543 6 7234 79 7904 803 811 812 87 870 92 
157 218 31 33 338 34 36 
161 162 185 224 42 45 6 
1109 2281 36 4167 447 59 6 63 9674 
11306 1703 192 2511 2966 3245 36 542 6 
11307 11311 1152 1153 1154 116 117 155 1835 2487 2612 28 29 292 332 4135 543 6 7234 732 79 803 812 87 92 
157 218 31 33 338 34 36 
161 162 185 224 42 45 6 
1109 59 6 63 65 
11312 11313 11314 116 117 122 1290 142 1835 2473 2487 2511 292 36 394 4003 543 6 655 79 87 
156 28 431 803 
157 218 31 33 338 34 36 
1072 1085 11315 122 161 193 200 42 
1109 59 6 63 65 
1967 241 315 3239 366 4135 5106 6 754 
11033 11312 11313 11314 11316 122 1290 142 1835 2473 2511 292 36 394 4003 543 6 655 79 87 
1152 1154 1155 28 29 332 3399 431 6 803 812 
157 31 33 338 34 3406 36 
1072 1085 11315 122 161 193 200 42 
1109 59 6 63 65 
11274 11317 11318 142 143 1967 241 315 3239 36 366 39 4135 6 754 92 
11033 11312 11313 11314 11316 122 1290 142 1835 2473 2511 292 36 394 4003 543 6 655 79 87 
1152 1154 1155 28 29 332 3399 431 6 803 812 
157 31 33 338 34 3406 36 
1072 1085 11315 122 161 193 200 42 
1109 36 4167 59 6 63 
11312 11313 11314 116 117 122 1290 142 1835 2473 2487 2511 292 36 394 4003 543 6 655 79 87 
156 28 431 803 
157 218 31 33 338 34 36 
1072 1085 11315 122 161 193 200 42 
1109 59 6 63 65 
11312 11313 11314 116 117 122 1290 142 1835 2473 2487 2511 292 36 394 4003 543 6 655 79 87 
156 28 431 803 
157 218 31 33 338 34 36 
1072 1085 11315 122 161 193 200 42 
1109 59 6 63 65 
11312 11313 11314 116 117 122 1290 142 1835 2473 2487 2511 292 36 394 4003 543 6 655 79 87 
156 28 431 803 
157 218 31 33 338 34 36 
1072 1085 11315 122 161 193 200 42 
1109 59 6 63 65 
11319 124 139 1650 2237 3483 36 5040 5276 6 855 
11312 11313 11314 11320 11321 116 117 122 124 1290 142 143 1835 2473 2487 2511 292 36 394 4003 5123 5276 543 6 655 79 855 87 
156 28 431 803 
157 218 31 33 338 34 36 
1072 1085 11315 122 161 193 200 42 
1109 59 6 63 65 
11312 11313 11314 116 117 122 1290 142 1835 2473 2487 2511 292 36 394 4003 543 6 655 79 87 
156 28 431 803 
157 218 31 33 338 34 36 
1072 1085 11315 122 161 193 200 42 
1109 59 6 63 65 
11312 11313 11314 11322 116 117 122 1290 142 1835 2473 2487 2511 292 3070 36 394 4003 543 6 655 79 87 
156 28 431 803 
157 218 31 33 338 34 36 
1072 1085 11315 122 161 193 200 42 
1109 59 6 63 65 
11312 11313 11314 11322 116 117 122 1290 142 1835 2473 2487 2511 292 3070 36 394 4003 543 6 655 79 87 
156 28 431 803 
157 218 31 33 338 34 36 
1072 1085 11315 122 161 193 200 42 
1109 59 6 63 65 
11312 11313 11314 11322 116 117 122 1290 142 1835 2473 2487 2511 292 3070 36 394 4003 543 6 655 79 87 
156 28 431 803 
157 218 31 33 338 34 36 
1072 1085 11315 122 161 193 200 42 
1109 59 6 63 65 
11312 11313 11314 11323 116 117 122 1290 142 1835 2473 2487 2511 292 36 394 4003 543 6 655 660 79 87 
156 28 431 803 
157 218 31 33 338 34 36 
1072 1085 11315 122 161 193 200 42 
1109 59 6 63 65 
11312 11313 11314 11324 116 117 122 1290 142 1835 2473 2487 2511 292 36 394 4003 543 6 655 660 79 87 
156 28 431 803 
157 218 31 33 338 34 36 
1072 1085 11315 122 161 193 200 42 
1109 59 6 63 65 
11312 11313 11314 11325 116 117 122 1269 1290 142 1835 2473 2487 2511 292 36 394 4003 543 6 655 660 773 79 87 
156 28 431 803 
157 218 31 33 338 34 36 
1072 1085 11315 122 161 193 200 42 
1109 59 6 63 65 
11312 11313 11314 11322 116 117 122 1290 142 1835 2473 2487 2511 292 3070 36 394 4003 543 6 655 79 87 
156 28 431 803 
157 218 31 33 338 34 36 
1072 1085 11315 122 161 193 200 42 
1109 11271 1149 188 268 59 6 63 
11326 1426 178 1835 187 200 235 292 2966 303 36 539 542 6 695 79 87 
11327 116 156 1707 237 240 2487 28 36 3805 431 438 5353 6 803 92 
157 218 31 33 338 34 36 
161 162 185 224 42 45 6 
1109 54 6 63 64 65 
11328 11329 1577 6 844 857 
11326 1426 178 1835 187 200 235 292 2966 303 36 539 542 6 695 79 87 
11327 116 156 1707 237 240 2487 28 36 3805 431 438 5353 6 803 92 
157 218 31 33 338 34 36 
161 162 185 224 42 45 6 
1109 54 6 63 64 65 
11328 11329 11330 11331 143 1577 36 381 386 586 6 857 
1149 188 2242 268 
11326 1426 178 1835 187 200 235 292 2966 303 36 539 542 6 695 79 87 
11327 116 156 1707 237 240 2487 28 36 3805 431 438 5353 6 803 92 
157 218 31 33 338 34 36 
161 162 185 224 42 45 6 
1109 54 6 63 64 65 
11328 11329 1577 6 844 857 
11326 1426 178 1835 187 200 235 292 2966 303 36 539 542 6 695 79 87 
116 156 1707 240 2487 28 431 5353 6 803 
157 218 31 33 338 34 36 
161 162 185 224 42 45 6 
1109 54 6 63 64 65 
11328 11329 1577 6 844 857 
11326 1426 178 1835 187 200 235 292 2966 303 36 539 542 6 695 79 87 
116 156 1707 240 2487 28 431 5353 6 803 
157 218 31 33 338 34 36 
161 162 185 224 42 45 6 
1109 54 6 63 64 65 
11328 11329 1577 6 844 857 
11326 1426 178 1835 187 200 235 292 2966 303 36 539 542 6 695 79 87 
116 156 1707 240 2487 28 431 5353 6 803 
157 218 31 33 338 34 36 
161 162 185 224 42 45 6 
1109 54 6 63 64 65 
11328 11329 1577 6 844 857 
11326 1426 178 1835 187 200 235 292 2966 303 36 539 542 6 695 79 87 
116 1707 240 2487 5353 6 
156 28 431 803 
157 218 31 33 338 34 36 
161 162 185 224 42 45 6 
1109 54 6 63 64 65 
11328 11329 1577 6 844 857 
11326 1426 178 1835 187 200 235 292 2966 303 36 539 542 6 695 79 87 
116 1707 240 2487 5353 6 
156 28 431 803 
157 218 31 33 338 34 36 
161 162 185 224 42 45 6 
1109 54 6 63 64 65 
11328 11329 11332 1577 36 6 857 
455 
188 2242 268 6641 
113 11333 198 205 6 
11 11326 11334 11335 11336 11337 128 1288 1426 171 187 200 2058 235 2392 249 2760 292 2966 36 376 4037 4690 502 512 539 542 6 6417 675 695 711 741 79 87 92 9276 
156 28 431 803 
11338 246 33 34 341 35 36 373 
1109 11193 11339 11340 11341 11342 11343 12 1449 163 1696 181 1837 212 2130 223 3 3437 36 37 41 42 52 5764 6 64 65 
11189 1127 11280 11281 11282 11283 1194 123 124 125 126 127 1375 1764 36 3862 454 
200 36 438 6 97 
1149 188 2242 268 
11326 1426 178 1835 187 200 235 292 2966 303 36 539 542 6 695 79 87 
116 1707 240 2487 5353 6 
156 28 431 803 
157 218 31 33 338 34 36 
161 162 185 224 42 45 6 
1109 54 6 63 64 65 
11328 11329 1577 6 844 857 
11326 1426 178 1835 187 200 235 292 2966 303 36 539 542 6 695 79 87 
116 1707 240 2487 5353 6 
156 28 431 803 
157 218 31 33 338 34 36 
161 162 185 224 42 45 6 
1109 54 6 63 64 65 
11328 11329 11330 11344 1577 36 386 586 6 857 
11326 1426 178 1835 187 200 235 292 2966 303 36 539 542 6 695 79 87 
116 1707 240 2487 5353 6 
156 28 431 803 
157 218 31 33 338 34 36 
161 162 185 224 42 45 6 
1109 54 6 63 64 65 
11328 11329 1577 6 844 857 
11326 1426 178 1835 187 200 235 292 2966 303 36 539 542 6 695 79 87 
116 1707 240 2487 5353 6 
156 28 431 803 
157 218 31 33 338 34 36 
161 162 185 224 42 45 6 
1109 54 6 63 64 65 
11328 11329 11330 1577 36 381 6 857 
11345 11346 1835 208 279 292 36 4007 4790 6 695 90 
11347 11348 116 122 156 2487 28 36 4003 431 449 5353 6 78 79 803 
157 218 31 33 338 34 36 
11349 124 161 185 224 3454 36 402 41 45 6 855 911 
6 63 
11345 11346 1835 208 279 292 36 4007 4790 6 695 90 
11347 11348 116 122 156 2487 28 36 4003 431 449 5353 6 78 79 803 
157 218 31 33 338 34 36 
11349 124 161 185 224 3454 36 402 41 45 6 855 911 
6 63 
11345 11346 1835 208 279 292 36 4007 4790 6 695 90 
11347 11348 116 122 156 2487 28 36 4003 431 449 5353 6 78 79 803 
157 218 31 33 338 34 36 
11349 124 161 185 224 3454 36 402 41 45 6 855 911 
6 63 
11345 11346 1835 208 279 292 36 4007 4790 6 695 90 
11347 11348 116 122 156 2487 28 36 4003 431 449 5353 6 78 79 803 
157 218 31 33 338 34 36 
11349 124 161 185 224 3454 36 402 41 45 6 855 911 
6 63 
11345 11346 1835 208 279 292 36 4007 4790 6 695 90 
11347 11348 116 122 156 2487 28 36 4003 431 449 5353 6 78 79 803 
157 218 31 33 338 34 36 
11349 124 161 185 224 3454 36 402 41 45 6 855 911 
6 63 
11345 11346 1835 208 279 292 36 4007 4790 6 695 90 
11347 11348 116 122 156 2487 28 36 4003 431 449 5353 6 78 79 803 
157 218 31 33 338 34 36 
11349 124 161 185 224 3454 36 402 41 45 6 855 911 
11350 1149 188 268 6 
11345 11346 11351 1835 208 279 292 36 4007 4790 6 695 90 
11347 11348 116 122 156 2487 28 36 4003 431 449 5353 6 78 79 803 
157 218 31 33 338 34 36 
11349 124 161 185 224 3454 36 402 41 45 6 855 911 
6 63 
11345 11346 11351 1835 208 279 292 36 4007 4790 6 695 90 
11347 122 36 4003 449 6 78 79 
11290 116 156 2487 28 3239 366 431 5353 6 803 
157 218 31 33 338 34 36 
11349 124 161 185 224 3454 36 402 41 45 6 855 911 
6 63 
11345 11346 11351 1835 208 279 292 36 4007 4790 6 695 90 
11347 122 36 4003 449 6 78 79 
11290 116 156 2487 28 3239 366 431 5353 6 803 
157 218 31 33 338 34 36 
11349 124 161 185 224 3454 36 402 41 45 6 855 911 
6 63 
11345 11346 11351 1835 208 279 292 36 4007 4790 6 695 90 
11347 122 36 4003 449 6 78 79 
11290 116 156 2487 28 3239 366 431 5353 6 803 
157 218 31 33 338 34 36 
124 1582 161 162 185 224 3454 36 402 41 45 6 855 911 
6 63 
11345 11346 11351 1835 208 279 292 36 4007 4790 6 695 90 
11347 122 36 4003 449 6 78 79 
11290 116 156 2487 28 3239 366 431 5353 6 803 
157 218 31 33 338 34 36 
124 1582 161 162 185 224 3454 36 402 41 45 6 855 911 
6 63 
11277 11352 11353 116 176 1835 188 235 2487 251 292 2966 299 350 36 5353 542 543 6 695 79 87 90 92 
1152 28 3399 431 6 803 812 
157 31 33 338 34 36 
161 42 
1109 11343 11354 1498 1567 1896 251 260 376 6 65 844 855 857 862 985 
11277 11352 11353 116 176 1835 188 235 2487 251 292 2966 299 350 36 5353 542 543 6 695 79 87 90 92 
1152 28 3399 431 6 803 812 
157 31 33 338 34 36 
161 42 
1109 11343 11354 1498 1567 1896 251 260 376 6 65 844 855 857 862 985 
11277 11352 11353 116 176 1835 188 235 2487 251 292 2966 299 350 36 5353 542 543 6 695 79 87 90 92 
1152 28 3399 431 6 803 812 
157 31 33 338 34 36 
161 42 
1109 11343 11354 1498 1567 1896 251 260 376 6 65 844 855 857 862 985 
11352 11353 116 176 1835 188 235 2487 251 292 2966 299 3222 350 36 366 4697 5353 542 543 6 695 79 87 90 92 
1152 28 3399 431 6 803 812 
157 31 33 338 34 36 
161 42 
1109 11343 11354 1498 1567 1896 251 260 3238 376 6 65 844 855 862 
11352 11353 116 176 1835 188 235 2487 251 292 2966 299 3222 350 36 366 4697 5353 542 543 6 695 79 87 90 92 
1152 28 3399 431 6 803 812 
157 31 33 338 34 36 
161 42 
1109 11343 11354 1498 1567 1896 251 260 3238 376 6 65 844 855 862 
11352 11353 116 176 1835 188 235 2487 251 292 2966 299 3222 350 36 366 4697 5353 542 543 6 695 79 87 90 92 
1152 28 3399 431 6 803 812 
157 31 33 338 34 36 
161 42 
1109 11343 11354 1498 1567 1896 251 260 3238 376 6 65 844 855 862 
11352 11353 116 176 1835 188 235 2487 251 292 2966 299 3222 350 36 366 4697 5353 542 543 6 695 79 87 90 92 
1152 28 3399 431 6 803 812 
157 31 33 338 34 36 
161 42 
1109 11343 11354 1498 1567 1896 251 260 3238 376 6 65 844 855 862 
11352 11353 116 176 1835 188 235 2487 251 292 2966 299 3222 350 36 366 4697 5353 542 543 6 695 79 87 90 92 
1152 28 3399 431 6 803 812 
157 31 33 338 34 36 
161 42 
1109 11343 11354 1498 1567 1896 251 260 3238 376 6 65 844 855 862 
11352 11353 116 176 1835 188 235 2487 251 292 2966 299 3222 350 36 366 4697 5353 542 543 6 695 79 87 90 92 
1152 28 3399 431 6 803 812 
157 31 33 338 34 36 
161 42 
1109 11343 11354 1498 1567 1896 251 260 3238 376 6 65 844 855 862 
1835 279 292 6 660 
11355 11356 116 117 1463 151 152 176 188 2308 237 251 36 6 6417 695 79 87 88 92 
1154 1155 28 29 4142 431 481 6 803 
157 31 33 338 34 3406 36 
161 42 
1109 59 6 63 65 
1072 11357 11358 1213 1835 2674 279 36 5551 6 660 696 734 92 
11355 11356 116 117 1463 151 152 176 188 2308 237 251 36 6 6417 695 79 87 88 92 
1154 1155 28 29 4142 431 481 6 803 
157 31 33 338 34 3406 36 
161 42 
1109 59 6 63 65 
1835 279 4790 6 660 
11355 11356 116 117 1463 151 152 176 188 2308 237 251 36 6 6417 695 79 87 88 92 
1154 1155 28 29 4142 431 481 6 803 
157 31 33 338 34 3406 36 
161 162 185 224 42 45 6 
1109 59 6 63 65 
1835 279 4790 6 660 
11355 11356 116 117 1463 151 152 176 188 2308 237 251 36 6 6417 695 79 87 88 92 
1154 1155 28 29 4142 431 481 6 803 
157 31 33 338 34 3406 36 
161 162 185 224 42 45 6 
1109 59 6 63 65 
1835 279 4790 6 660 
11355 11356 11359 116 117 1463 151 152 176 188 2308 2509 251 303 36 495 512 53 6 6417 695 79 87 88 911 
1154 1155 28 29 4142 431 481 6 803 
157 31 33 338 34 3406 36 
161 162 185 224 42 45 6 
1109 59 6 63 65 
1835 279 4790 6 660 
11355 11356 11359 116 117 1463 151 152 176 188 2308 2509 251 303 36 495 512 53 6 6417 695 79 87 88 911 
1154 1155 28 29 4142 431 481 6 803 
157 31 33 338 34 3406 36 
161 162 185 224 42 45 6 
1109 59 6 63 65 
101 1099 11266 11267 113 1159 116 117 122 1346 2487 2511 291 292 2966 36 39 395 4619 542 543 56 6 6424 655 695 79 87 90 911 912 92 9480 
156 28 431 803 
157 31 33 338 34 36 
161 42 
1109 59 6 63 
1 11360 11361 116 117 158 26 27 28 30 31 34 35 36 
11361 11362 11363 11364 116 117 1411 158 2297 240 26 27 28 30 31 313 3223 34 35 36 4230 4231 6 797 
11361 11362 11363 11364 116 117 1411 158 2297 240 26 27 28 30 31 313 3223 34 35 36 4230 4231 6 797 
1077 1411 150 2984 6 
1034 6 6784 78 923 
2113 4161 6 98 
113 114 115 116 117 128 344 5764 6 8 
11184 11365 1979 2592 344 369 438 502 6 
11203 11366 11367 6 6788 711 
11368 11369 1334 1682 2979 3029 344 6 
11185 11370 13 27 28 431 59 6 
11371 1208 185 29 373 6 684 
1172 135 1837 188 339 340 35 36 6 
11187 2165 376 43 46 6 
10579 11188 11372 164 1837 344 4270 50 5043 571 6 63 79 