11161 11162 11163 11164 11165 11166 1150 12 1279 155 157 1590 1690 17 1723 1724 1725 188 2070 2194 224 2332 2510 3 331 339 340 343 36 37 373 389 434 482 483 495 51 514 52 53 556 56 6 65 66 708 810 812 814 8533 958 
11167 11168 4290 
11169 1294 1815 36 6105 
11170 115 116 117 1279 143 155 157 1982 200 2368 279 292 331 339 340 36 39 4758 485 50 514 526 5369 5415 542 5736 6 63 6551 660 810 8533 
11170 115 116 117 126 1279 143 155 157 1982 200 2368 279 292 331 339 340 36 39 485 50 514 526 5369 5415 542 5736 6 63 6551 660 810 8533 
11170 115 116 117 126 1279 143 155 157 1982 200 2368 279 292 331 339 340 36 39 485 50 514 526 5369 5415 542 5736 6 63 6551 660 810 8533 
11171 11172 11173 1163 1279 155 157 1690 170 1982 230 240 279 292 331 339 340 36 50 514 59 6 63 65 66 660 719 810 8533 96 97 
11171 11172 11173 1163 1279 155 157 1690 170 1982 230 240 279 292 331 339 340 36 50 514 59 6 63 65 66 660 719 810 8533 96 97 
11171 11173 1163 1279 1447 1448 155 157 1690 170 1982 230 279 292 331 339 340 36 438 447 50 514 528 59 6 63 65 66 660 7080 719 810 8533 96 97 
11171 11172 11173 1163 1279 155 157 1690 170 1982 230 240 279 292 331 339 340 36 50 514 59 6 63 65 66 660 719 810 8533 96 97 
11171 11172 11173 1163 1279 155 157 1690 170 1982 230 240 279 292 331 339 340 36 50 514 59 6 63 65 66 660 719 810 8533 96 97 
11171 11172 11173 1163 1279 155 157 1690 170 1982 230 240 279 292 331 339 340 36 50 514 59 6 63 65 66 660 719 810 8533 96 97 
11171 11172 11173 1163 1279 155 157 1690 170 1982 230 240 279 292 331 339 340 36 50 514 59 6 63 65 66 660 719 810 8533 96 97 
11171 11172 11173 1163 1279 155 157 1690 170 1982 230 240 279 292 331 339 340 36 50 514 59 6 63 65 66 660 719 810 8533 96 97 
11171 11172 11173 1163 1279 155 157 1690 170 1982 230 240 279 292 331 339 340 36 50 514 59 6 63 65 66 660 719 810 8533 96 97 
11171 11172 11173 1163 1279 155 157 1690 170 1982 230 240 279 292 331 339 340 36 50 514 59 6 63 65 66 660 719 810 8533 96 97 
11171 11172 11173 1163 1279 155 157 1690 170 1982 230 240 279 292 331 339 340 36 438 50 514 59 6 63 65 66 660 719 810 8533 96 97 
11171 11172 11173 1163 1279 155 157 1690 170 1982 230 240 279 292 331 339 340 36 50 514 59 6 63 65 66 660 719 810 8533 96 97 
1 11174 1163 1690 170 1982 331 340 36 50 514 59 6 63 65 66 810 
10257 1163 1690 170 50 59 6 63 65 66 
11175 1163 1690 
11176 148 1722 570 6 65 69 70 9822 9947 
11177 11178 148 257 2898 6 67 842 
11179 1447 1448 36 438 528 6 935 
10198 1034 1077 150 3223 6 
1896 6 7508 99 
105 10815 109 110 1686 2648 3557 50 6 754 911 
1782 2113 4161 79 797 
11180 11181 11182 11183 113 114 116 117 128 1324 176 187 265 344 4690 5764 6 
11184 1334 1979 2592 344 369 502 6 7657 
11185 11186 13 344 39 40 4154 6 
1294 162 1837 185 339 340 35 36 373 6 
11187 1172 135 188 6 
164 165 2165 225 376 43 6 
10579 11188 1837 344 4270 50 5043 6 63 79 
11189 36 6 9958 
123 124 125 126 127 36 454 
11171 1163 1279 1411 152 155 157 1982 240 279 292 331 339 340 36 421 50 512 514 5415 6 63 660 810 8533 923 96 97 
11171 1163 1279 1411 152 155 157 1982 240 279 292 331 339 340 36 421 50 512 514 5415 6 63 660 810 8533 923 96 97 
10 10184 10632 11163 11164 11166 11190 11191 11192 11193 11194 11195 113 1150 116 117 12 1256 1279 1306 1346 14 150 151 152 155 157 1590 16 1690 17 170 1842 188 201 2061 2070 2194 224 240 2502 263 2676 279 3 331 339 340 343 344 349 36 37 373 389 4161 421 434 4469 482 483 49 495 51 514 52 556 59 6 65 66 708 79 7953 7956 799 810 8533 9 9112 92 958 97 
11167 11168 4290 
11169 1294 1815 36 6105 
11171 1163 1279 1411 152 155 157 1982 240 279 292 331 339 340 36 421 50 512 514 5415 6 63 660 810 8533 923 96 97 
11171 1163 1279 1411 152 155 157 1982 240 279 292 331 339 340 36 421 50 512 514 5415 6 63 660 810 8533 923 96 97 
11171 1163 1279 1411 152 155 157 1982 240 279 292 331 339 340 36 421 50 512 514 5415 6 63 660 810 8533 923 96 97 
11171 1163 1279 1411 152 155 157 1982 240 279 292 331 339 340 36 421 50 512 514 5415 6 63 660 810 8533 923 96 97 
11171 1163 1279 1411 152 155 157 1982 240 279 292 331 339 340 36 421 50 512 514 5415 6 63 660 810 8533 923 96 97 
11171 1163 1279 1411 152 155 157 1982 240 279 292 331 339 340 36 421 50 512 514 5415 6 63 660 810 8533 923 96 97 
11171 1163 1279 1411 152 155 157 1982 240 279 292 331 339 340 36 421 50 512 514 5415 6 63 660 810 8533 923 96 97 
11171 1163 1279 1411 152 155 157 1982 240 279 292 331 339 340 36 421 50 512 514 5415 6 63 660 810 8533 923 96 97 
11171 1163 1279 1411 152 155 157 1982 240 279 292 331 339 340 36 421 50 512 514 5415 6 63 660 810 8533 923 96 97 
11171 1163 1279 1411 152 155 157 1982 240 279 292 331 339 340 36 421 50 512 514 5415 6 63 660 810 8533 923 96 97 
11172 11196 11197 1132 115 116 117 124 1279 139 1425 143 155 157 1722 192 1982 200 2195 230 240 279 292 331 339 340 36 4469 447 4477 4758 482 50 514 6 63 660 679 719 76 810 8533 90 92 96 97 
10 10632 11163 11164 11193 11194 11198 11199 11200 11201 11202 11203 11204 11205 113 116 117 12 1256 1279 1306 14 152 155 157 1590 16 1610 1690 17 1842 2061 2070 2113 224 2332 2374 240 2404 279 299 3 3182 331 339 340 343 349 36 37 373 389 4161 434 4459 4469 495 51 514 52 6 64 66 675 708 79 7956 810 8533 87 8873 9112 958 97 98 
11166 1150 188 2194 36 482 483 556 799 
11167 11168 4290 
11169 1294 1815 36 6105 
36 438 
11172 11196 11197 115 116 117 124 126 1279 139 1425 143 155 157 1722 192 1982 200 2195 230 240 279 292 331 339 340 36 4469 4477 482 50 514 6 63 660 679 719 76 810 8533 90 92 96 97 
11172 11196 11197 115 116 117 124 126 1279 139 1425 143 155 157 1722 192 1982 200 2195 230 240 279 292 331 339 340 36 4469 4477 482 50 514 6 63 660 679 719 76 810 8533 90 92 96 97 
11172 11196 11197 1132 115 116 117 124 1279 139 1425 143 155 157 1722 192 1982 200 2195 230 240 279 292 331 339 340 36 4469 447 4477 4758 482 50 514 6 63 660 679 719 76 810 8533 90 92 96 97 
11172 11196 11197 115 116 117 124 126 1279 139 1425 143 155 157 1722 192 1982 200 2195 230 240 279 292 331 339 340 36 4469 4477 482 50 514 6 63 660 679 719 76 810 8533 90 92 96 97 
11172 11196 11197 115 116 117 124 126 1279 139 1425 143 155 157 1722 192 1982 200 2195 230 240 279 292 331 339 340 36 4469 4477 482 50 514 6 63 660 679 719 76 810 8533 90 92 96 97 
11172 11196 11197 115 116 117 124 126 1279 139 1425 143 155 157 1722 192 1982 200 2195 230 240 279 292 331 339 340 36 4469 4477 482 50 514 6 63 660 679 719 76 810 8533 90 92 96 97 
11172 11196 11197 115 116 117 124 126 1279 139 1425 143 155 157 1722 192 1982 200 2195 230 240 279 292 331 339 340 36 4469 4477 482 50 514 6 63 660 679 719 76 810 8533 90 92 96 97 
11172 11196 11197 115 116 117 124 126 1279 139 1425 143 155 157 1722 192 1982 200 2195 230 240 279 292 331 339 340 36 4469 4477 482 50 514 6 63 660 679 719 76 810 8533 90 92 96 97 
11172 11196 11197 115 116 117 124 126 1279 139 1425 143 155 157 1722 192 1982 200 2195 230 240 279 292 331 339 340 36 4469 4477 482 50 514 6 63 660 679 719 76 810 8533 90 92 96 97 
11172 11196 11197 115 116 117 124 126 1279 139 1425 143 155 157 1722 192 1982 200 2195 230 240 279 292 331 339 340 36 4469 4477 482 50 514 6 63 660 679 719 76 810 8533 90 92 96 97 
11172 11196 11197 115 116 117 124 1279 139 1425 143 155 157 1722 192 1982 200 2195 230 240 279 292 331 339 340 36 4469 4477 4758 482 50 514 6 63 660 679 719 76 810 8533 90 92 96 97 
11172 11196 11197 115 116 117 124 126 1279 139 1425 143 155 157 1722 192 1982 200 2195 230 240 279 292 331 339 340 36 4469 4477 482 50 514 6 63 660 679 719 76 810 8533 90 92 96 97 
11172 11196 11197 115 116 117 124 126 1279 139 1425 143 155 157 1722 192 1982 200 2195 230 240 279 292 331 339 340 36 4469 4477 482 50 514 6 63 660 679 719 76 810 8533 90 92 96 97 
10 10632 11163 11164 11193 11194 11198 11199 11200 11201 11202 11203 11204 11205 113 116 117 12 1256 1279 1306 14 152 155 157 1590 16 1610 1690 17 1842 2061 2070 2113 224 2332 2374 240 2404 279 299 3 3182 331 339 340 343 349 36 37 373 389 4161 434 4459 4469 495 51 514 52 6 64 66 675 708 79 7956 810 8533 87 8873 9112 958 97 98 
11166 1150 188 2194 36 482 483 556 799 
11167 11168 4290 
11169 1294 1815 36 6105 
11172 11196 11197 115 116 117 124 126 1279 139 1425 143 155 157 1722 192 1982 200 2195 230 240 279 292 331 339 340 36 4469 4477 482 50 514 6 63 660 679 719 76 810 8533 90 92 96 97 
11206 11207 11208 115 116 117 124 126 1279 143 155 157 1982 200 331 339 340 36 366 482 50 514 6 63 810 8533 98 
11172 11196 11197 115 116 117 124 126 1279 139 1425 143 155 157 1722 192 1982 200 2195 230 240 279 292 331 339 340 36 4469 4477 482 50 514 6 63 660 679 719 76 810 8533 90 92 96 97 
1214 124 126 143 158 170 1873 195 1982 240 2656 279 28 29 292 294 34 340 36 366 375 482 50 5415 59 6 65 660 6682 96 97 
36 438 514 
1214 124 126 143 158 170 1873 195 1982 240 2656 279 28 29 292 294 34 340 36 366 375 482 50 5415 59 6 65 660 6682 96 97 
36 514 
1214 124 126 143 158 170 1873 195 1982 240 2656 279 28 29 292 294 34 340 36 366 375 482 50 5415 59 6 65 660 6682 96 97 
36 514 
1214 124 126 143 158 170 1873 195 1982 240 2656 279 28 29 292 294 34 340 36 366 375 482 50 5415 59 6 65 660 6682 96 97 
36 514 
1214 124 126 143 158 170 1873 195 1982 240 2656 279 28 29 292 294 34 340 36 366 375 482 50 5415 59 6 65 660 6682 96 97 
36 438 514 
11209 1214 124 126 143 158 170 1873 1982 28 29 294 3324 34 340 3411 36 375 482 50 59 6 65 6682 816 
36 514 
11210 11211 1154 21 233 262 28 307 33 34 36 37 372 41 4109 421 438 4510 6 803 9224 
11210 11211 1154 21 233 262 28 307 33 34 37 372 41 4109 421 4510 6 803 9224 
1214 124 126 143 158 170 1873 195 1982 240 2656 279 28 29 292 294 34 340 36 366 375 482 50 5415 59 6 65 660 6682 96 97 
36 514 
1214 124 126 143 158 170 1873 195 1982 240 2656 279 28 29 292 294 34 340 36 366 375 482 50 5415 59 6 65 660 6682 96 97 
36 514 
1214 124 126 143 158 170 1873 195 1982 240 2656 279 28 29 292 294 34 340 36 366 375 482 50 5415 59 6 65 660 6682 96 97 
36 514 
1214 124 126 143 158 170 1873 195 1982 240 2656 279 28 29 292 294 34 340 36 366 375 482 50 5415 59 6 65 660 6682 96 97 
36 514 