0 37
3 21
4 21
5 21
6 19
7 19
8 21
9 19
10 19
11 19
12 19
13 19
14 19
15 19
16 20
17 19
37 18
38 18
39 64
42 18
43 18
44 18
45 18
46 18
47 18
48 18
49 18
50 18
51 18
52 33
53 58
58 31
59 31
60 33
61 31
62 31
63 31
64 31
65 31
66 31
67 31
68 31
69 31
70 31
71 58
75 31
76 21
77 31
108 17
109 17
110 17
112 17
113 17
114 57
117 17
118 17
119 17
120 17
121 17
122 17
123 17
124 17
125 17
126 60
130 17
131 17
132 15
133 17
134 17
135 17
136 17
137 17
138 17
139 17
140 17
141 21
142 21
143 21
144 21
145 21
146 21
147 21
148 21
149 21
152 20
153 20
154 20
155 20
156 20
157 15
159 15
160 18
161 15
162 15
164 15
165 15
166 15
168 18
169 15
170 15
171 15
173 15
174 18
175 15
188 18
190 18
191 18
192 18
194 18
195 18
196 18
197 19
198 18
199 20
200 21
201 20
202 21
203 20
204 21
205 20
206 60
209 21
210 21
211 16
212 16
213 16
214 17
215 16
216 16
217 16
218 63
221 16
222 16
223 15
224 16
225 17
226 16
227 16
228 16
229 16
230 18
231 16
232 16
233 16
234 15
235 16
236 25
237 33
238 59
241 25
242 25
243 26
244 25
245 26
246 25
247 16
248 16
249 16
250 16
251 16
252 16
253 16
254 60
257 16
258 16
259 16
260 16
261 16
282 8
283 17
284 17
285 18
286 17
287 17
288 17
289 17
290 17
291 17
292 18
293 27
294 17
295 27
296 27
299 27
300 27
301 27
302 27
303 27
304 27
305 27
306 27
307 28
308 16
309 17
310 17
311 15
312 17
313 17
314 17
315 17
316 61
320 17
321 17
322 17
323 17
324 17
325 17
326 17
327 17
328 17
329 17
330 17
331 17
332 17
333 17
334 17
335 17
356 19
357 19
358 19
359 19
360 19
361 58
365 19
366 19
367 19
368 19
369 19
370 19
371 19
372 19
373 19
374 15
375 15
376 62
379 15
381 15
382 15
384 15
385 15
386 15
388 15
390 18
391 15
393 18
394 20
395 20
396 17
397 20
398 20
399 20
400 57
403 20
570 16
571 18
572 17
573 17
574 18
575 17
576 17
577 17
578 17
579 17
580 17
581 17
582 17
583 17
584 17
585 58
588 17
589 17
590 17
591 17
592 17
593 17
594 17
595 22
596 19
597 19
598 19
599 74
602 19
603 19
604 19
605 19
606 19
607 19
608 19
609 16
610 19
611 19
612 19
613 19
614 19
615 17
616 17
617 17
618 17
619 18
620 17
621 17
622 17
623 18
624 17
625 17
626 17
627 17
