3 2
4 2
5 2
28 6
39 14
52 5
53 15
58 4
59 4
60 5
61 4
62 4
63 4
64 4
65 4
66 4
67 4
68 4
69 4
70 4
71 15
75 4
76 4
77 4
100 8
102 8
104 8
106 8
108 4
109 4
110 4
111 1
112 4
113 4
114 15
117 4
118 4
119 4
120 4
121 4
122 4
123 4
124 4
125 3
126 15
130 3
131 3
132 3
133 3
134 3
135 3
136 3
137 3
138 3
139 3
140 3
141 2
142 2
143 2
144 2
145 2
146 2
147 2
148 2
149 2
150 8
152 2
153 2
154 2
155 2
156 2
188 1
190 1
191 1
192 1
194 1
195 1
196 1
197 1
198 1
199 2
200 2
201 2
202 2
203 2
204 2
205 2
206 15
209 2
210 2
211 1
212 1
213 1
214 1
215 1
216 1
217 1
218 20
221 1
222 1
223 1
224 1
225 1
226 1
227 1
228 1
229 1
230 1
231 1
232 1
233 1
234 1
235 1
236 3
237 7
238 16
241 3
242 3
243 3
244 3
245 3
246 3
254 18
261 2
266 6
283 3
284 3
285 3
286 3
287 3
288 3
289 3
290 3
291 3
292 3
293 2
294 1
295 2
296 2
299 2
300 2
301 2
302 2
303 2
304 2
305 2
306 2
307 2
308 3
309 3
310 3
311 1
312 3
313 3
314 3
315 3
316 15
320 3
321 3
322 3
323 3
324 3
325 3
326 3
327 3
328 3
329 3
330 3
331 3
332 3
333 3
334 3
335 3
356 2
357 2
358 2
359 2
360 2
361 15
365 2
366 2
367 2
368 2
369 2
370 2
371 2
372 2
373 2
374 1
375 1
376 18
379 1
381 1
382 1
384 1
385 1
386 1
388 1
390 3
391 1
393 3
394 2
395 2
396 2
397 2
398 2
399 2
400 16
403 2
404 2
406 6
411 6
416 6
421 3
427 1
432 1
438 1
446 0
452 0
458 0
464 0
472 0
479 1
486 1
493 0
499 0
506 0
512 0
519 0
525 0
531 0
538 0
544 0
549 6
553 6
558 6
564 6
570 2
571 0
572 0
573 0
574 0
575 0
576 0
577 0
578 0
579 3
580 3
581 3
582 3
583 3
584 3
585 15
588 3
589 3
590 3
591 3
592 3
593 3
594 3
595 5
596 3
597 3
598 3
599 21
602 3
603 3
604 3
605 3
606 3
607 3
608 3
609 3
610 3
611 3
612 3
613 3
614 3
615 3
616 3
617 3
618 3
619 3
620 3
621 3
622 3
623 3
624 3
625 3
626 3
627 3
628 3
634 5
639 5
644 5
649 5
654 5
659 4
664 4
669 5
673 3
690 3
695 3
700 3
706 5
711 3
716 4
721 4
726 4
731 4
736 4
741 4
746 4
752 1
758 1
765 1
771 0
777 0
783 0
789 0
796 0
813 0
820 0
827 0
834 0
841 2
846 2
851 2
856 2
861 2
866 2
871 2
877 1
883 1
889 1
895 1
899 3
904 3
909 3
914 2
919 2
924 2
929 2
934 2
939 2
945 2
951 2
957 2
963 2
969 3
975 3
980 6
985 3
986 4
987 4
991 3
