0 8
3 4
4 5
5 5
6 4
7 4
8 3
9 4
10 4
11 4
12 4
13 4
14 4
15 4
16 4
17 4
37 2
38 2
39 18
42 2
43 2
44 2
45 2
46 2
47 2
48 2
49 2
50 2
51 2
52 8
53 19
58 8
59 8
60 8
61 8
62 8
63 8
64 8
65 8
66 8
67 8
68 7
69 8
70 8
71 19
75 8
76 8
77 8
108 6
109 6
110 6
111 3
112 6
113 6
114 19
117 6
118 6
119 6
120 6
121 6
122 6
123 6
124 6
125 5
126 19
130 5
131 5
132 5
133 5
134 5
135 5
136 5
137 5
138 5
139 5
140 5
141 4
142 5
143 5
144 5
145 4
146 5
147 5
148 5
149 5
152 4
153 4
154 4
155 4
156 4
157 0
159 0
160 2
161 0
162 0
164 0
165 0
166 0
168 2
169 0
170 0
171 0
173 0
174 2
175 0
188 4
190 4
191 4
192 4
194 4
195 4
196 4
197 4
198 4
199 5
200 5
201 5
202 5
203 5
204 5
205 5
206 19
209 5
210 5
211 3
212 3
213 3
214 3
215 3
216 3
217 3
218 23
221 3
222 3
223 3
224 3
225 3
226 3
227 3
228 3
229 3
230 3
231 3
232 3
233 3
234 3
235 3
236 5
237 10
238 19
241 5
242 5
243 5
244 5
245 5
246 5
247 4
248 4
249 4
250 4
251 4
252 4
253 4
254 22
257 4
258 4
259 4
260 4
261 4
282 0
283 5
284 5
285 5
286 5
287 5
288 5
289 5
290 5
291 5
292 5
293 6
294 3
295 6
296 6
299 6
300 6
301 6
302 6
303 6
304 6
305 6
306 6
307 6
308 5
309 5
310 5
311 3
312 5
313 5
314 5
315 5
316 19
320 5
321 5
322 5
323 5
324 5
325 5
326 5
327 5
328 5
329 5
330 5
331 5
332 5
333 5
334 5
335 5
356 4
357 4
358 4
359 4
360 4
361 19
365 4
366 4
367 4
368 4
369 4
370 4
371 4
372 4
373 4
374 3
375 3
376 23
379 3
381 3
382 3
384 3
385 3
386 3
388 3
389 0
390 6
391 3
392 0
393 6
394 4
395 4
396 4
397 4
398 4
399 4
400 20
403 4
404 5
570 4
571 2
572 2
573 2
574 2
575 2
576 2
577 2
578 2
579 5
580 5
581 5
582 5
583 5
584 5
585 20
588 5
589 5
590 5
591 5
592 5
593 5
594 5
595 8
596 6
597 6
598 6
599 27
602 6
603 6
604 6
605 6
606 6
607 6
608 6
609 6
610 6
611 6
612 6
613 6
614 6
615 5
616 5
617 5
618 5
619 5
620 5
621 5
622 5
623 5
624 5
625 5
626 5
627 5
