3 8
4 9
5 9
6 9
7 9
8 10
9 9
10 9
11 9
12 9
13 9
14 9
15 9
16 9
17 9
18 5
37 7
38 7
42 7
43 7
44 7
45 7
46 7
47 7
48 7
49 7
50 7
51 7
52 16
58 16
59 16
60 16
61 16
62 16
63 16
64 16
65 16
66 16
67 16
68 15
69 16
70 16
75 16
76 12
77 16
78 8
80 8
82 8
84 8
86 8
88 8
92 8
94 8
96 8
98 8
100 20
102 20
104 20
106 20
108 9
109 9
110 9
111 6
112 9
113 9
117 9
118 9
119 9
120 9
121 9
122 9
123 9
124 9
125 8
130 8
131 8
132 8
133 8
134 8
135 8
136 8
137 8
138 8
139 8
140 8
141 8
142 9
143 9
144 9
145 8
146 9
147 9
148 9
149 9
151 1
152 11
153 11
154 11
155 11
156 11
157 3
159 3
160 5
161 3
162 3
164 3
165 3
166 3
168 5
169 3
170 3
171 3
173 3
174 5
175 3
188 9
190 9
191 9
192 9
194 9
195 9
196 9
197 9
198 9
199 9
200 9
201 9
202 9
203 9
204 9
205 9
209 9
210 9
211 6
212 6
213 6
214 6
215 6
216 6
217 6
221 6
222 6
223 7
224 6
225 6
226 6
227 6
228 6
229 6
230 6
231 6
232 6
233 6
234 6
235 6
236 12
237 18
241 12
242 12
243 12
244 12
245 12
246 12
247 8
248 8
249 8
250 8
251 8
252 8
253 8
257 8
258 8
259 8
260 8
261 7
282 2
283 8
284 8
285 8
286 8
287 8
288 8
289 8
290 8
291 8
292 8
293 12
294 6
295 12
296 12
299 12
300 12
301 12
302 12
303 12
304 12
305 12
306 12
307 12
308 9
309 8
310 8
311 6
312 8
313 8
314 8
315 8
320 8
321 8
322 8
323 8
324 8
325 8
326 8
327 8
328 8
329 8
330 8
331 8
332 8
333 8
334 8
335 8
356 10
357 10
358 10
359 10
360 10
365 10
366 10
367 10
368 10
369 10
370 10
371 10
372 10
373 10
374 7
375 7
379 7
381 7
382 7
384 7
385 7
386 7
388 7
389 3
390 11
391 7
392 3
393 11
394 11
395 11
396 7
397 11
398 11
399 11
403 11
570 9
571 8
572 8
573 8
574 8
575 8
576 8
577 8
578 8
579 8
580 8
581 8
582 8
583 8
584 8
588 8
589 8
590 8
591 8
592 8
593 8
594 8
595 11
596 9
597 9
598 9
602 9
603 9
604 9
605 9
606 9
607 9
608 9
609 9
610 9
611 9
612 9
613 9
614 9
615 8
616 8
617 8
618 8
619 8
620 8
621 8
622 8
623 8
624 8
625 8
626 8
627 8
