3 12
4 13
5 13
6 13
7 13
8 13
9 13
10 13
11 13
12 13
13 13
14 13
15 13
16 13
17 13
37 10
38 10
42 10
43 10
44 10
45 10
46 10
47 10
48 10
49 10
50 10
51 10
52 22
58 22
59 22
60 22
61 22
62 22
63 22
64 22
65 22
66 22
67 22
68 21
69 22
70 22
75 22
77 22
78 14
80 14
82 14
84 14
86 14
92 14
94 14
96 14
98 14
125 11
126 42
130 11
131 11
133 11
134 11
135 11
136 11
137 11
138 11
139 11
140 11
141 12
142 13
143 13
144 13
145 12
146 13
147 13
148 13
149 13
157 8
159 8
161 8
162 8
164 8
165 8
166 8
169 8
170 8
171 8
173 8
175 8
188 11
190 11
191 11
192 11
194 11
195 11
196 11
197 11
198 11
199 13
200 13
201 13
202 13
203 13
204 13
205 13
209 13
210 13
211 10
212 10
213 10
214 10
215 10
216 10
217 10
221 10
222 10
224 10
225 10
226 10
227 10
228 10
229 10
230 10
231 10
232 10
233 10
234 8
235 10
236 16
237 22
241 16
242 16
243 16
244 16
245 16
246 16
247 11
248 11
249 11
250 11
251 11
252 11
253 11
257 11
258 11
259 11
260 11
283 11
284 11
285 11
286 11
287 11
288 11
289 11
290 11
291 11
292 11
297 3
298 3
309 11
310 11
312 11
313 11
314 11
315 11
320 11
321 11
322 11
323 11
324 11
325 11
326 11
327 11
328 11
329 11
330 11
331 11
332 11
333 11
334 11
335 11
336 8
337 8
338 8
339 8
340 8
341 8
342 8
343 8
344 8
345 8
346 8
347 8
348 8
349 8
350 8
351 8
352 8
353 8
354 8
355 8
356 11
357 11
358 11
359 11
360 11
365 11
366 11
367 11
368 11
369 11
370 11
371 11
372 11
373 11
374 9
375 9
379 9
381 9
382 9
384 9
385 9
386 9
388 9
391 9
406 13
411 13
416 13
421 10
427 7
432 7
437 1
445 1
451 6
452 11
457 10
458 11
463 6
464 11
471 6
472 11
479 13
486 13
493 11
498 2
499 14
506 11
511 2
512 14
519 11
524 2
525 14
531 14
538 11
543 2
544 14
549 19
553 19
558 19
564 19
579 11
580 11
581 11
582 11
583 11
584 11
585 40
588 11
589 11
590 11
591 11
592 11
593 11
594 11
596 12
597 12
598 12
602 12
603 12
604 12
605 12
606 12
607 12
608 12
610 12
611 12
612 12
613 12
614 12
615 11
616 11
617 11
618 11
619 11
620 11
621 11
622 11
623 11
624 11
625 11
626 11
627 11
628 7
634 13
639 13
659 12
669 13
673 12
679 11
685 11
690 12
695 12
700 12
706 16
711 12
716 13
721 13
726 13
731 13
736 13
741 14
746 13
751 7
757 7
764 7
770 7
776 7
782 7
788 7
795 7
805 17
812 7
819 7
826 7
833 7
840 5
845 5
850 5
855 5
860 5
865 5
870 6
875 6
881 6
887 6
893 6
899 10
904 10
909 10
914 9
919 9
924 9
929 9
934 9
939 9
944 2
980 13
