0 28
2 3
3 16
4 17
5 17
6 17
7 17
8 17
9 17
10 17
11 17
12 17
13 17
14 17
15 17
16 17
17 17
18 8
23 3
31 7
35 1
36 5
37 14
38 14
39 51
41 3
42 14
43 14
44 14
45 14
46 14
47 14
48 14
49 14
50 14
51 14
52 26
53 48
54 4
56 3
57 0
58 26
59 26
60 26
61 26
62 26
63 26
64 26
65 26
66 26
67 26
68 25
69 26
70 26
71 48
72 4
74 3
75 26
76 17
77 26
78 18
79 0
80 18
81 0
82 18
83 0
84 18
85 0
86 18
87 0
88 16
89 0
90 10
92 18
93 0
94 18
95 0
96 18
97 0
98 18
99 0
100 30
101 0
102 30
103 0
104 30
105 0
106 30
107 0
108 14
109 14
110 14
112 14
113 14
114 46
116 3
117 14
118 14
119 14
120 14
121 14
122 14
123 14
124 14
125 15
126 48
128 3
129 0
130 15
131 15
132 12
133 15
134 15
135 15
136 15
137 15
138 15
139 15
140 15
141 16
142 17
143 17
144 17
145 16
146 17
147 17
148 17
149 17
152 17
153 17
154 17
155 17
156 17
157 12
158 0
159 12
160 12
161 12
162 12
163 0
164 12
165 12
166 12
167 0
168 12
169 12
170 12
171 12
172 0
173 12
174 12
175 12
176 22
177 21
178 21
179 21
180 21
181 23
182 25
183 24
184 24
185 24
186 21
187 21
188 15
190 15
191 15
192 15
194 15
195 15
196 15
197 15
198 15
199 17
200 17
201 17
202 17
203 17
204 17
205 17
206 50
208 3
209 17
210 17
211 14
212 14
213 14
214 14
215 14
216 14
217 14
218 53
220 3
221 14
222 14
223 12
224 14
225 14
226 14
227 14
228 14
229 14
230 14
231 14
232 14
233 14
234 13
235 14
236 20
237 26
238 47
240 3
241 20
242 20
243 20
244 20
245 20
246 20
247 15
248 15
249 15
250 15
251 15
252 15
253 15
254 48
256 3
257 15
258 15
259 15
260 15
261 13
269 7
273 1
274 5
275 0
277 5
279 4
282 6
283 15
284 15
285 15
286 15
287 15
288 15
289 15
290 15
291 15
292 15
293 23
294 12
295 23
296 23
298 4
299 23
300 23
301 23
302 23
303 23
304 23
305 23
306 23
307 23
308 14
309 15
310 15
311 12
312 15
313 15
314 15
315 15
316 50
318 3
319 5
320 15
321 15
322 15
323 15
324 15
325 15
326 15
327 15
328 15
329 15
330 15
331 15
332 15
333 15
334 15
335 15
340 12
347 12
355 12
356 16
357 16
358 16
359 16
360 16
361 48
363 3
364 0
365 16
366 16
367 16
368 16
369 16
370 16
371 16
372 16
373 16
374 13
375 13
376 51
378 3
379 13
380 11
381 13
382 13
383 12
384 13
385 13
386 13
387 11
388 13
390 15
391 13
393 15
394 17
395 17
396 14
397 17
398 17
399 17
400 47
402 3
403 17
404 16
406 15
411 15
416 15
421 12
425 1
426 6
431 6
436 6
444 6
452 12
458 12
464 12
468 9
470 0
472 12
476 2
479 15
486 15
493 12
497 1
499 15
506 12
512 15
519 12
525 15
531 15
538 12
544 15
549 22
553 22
556 6
558 22
561 5
563 0
564 22
567 13
569 0
570 14
571 12
572 12
573 12
574 12
575 12
576 12
577 12
578 12
579 15
580 15
581 15
582 15
583 15
584 15
585 47
587 3
588 15
589 15
590 15
591 15
592 15
593 15
594 15
595 20
596 17
597 17
598 17
599 63
601 3
602 17
603 17
604 17
605 17
606 17
607 17
608 17
609 13
610 17
611 17
612 17
613 17
614 17
615 15
616 15
617 15
618 15
619 15
620 15
621 15
622 15
623 15
624 15
625 15
626 15
627 15
633 6
638 6
643 6
648 6
653 6
658 6
663 10
667 2
668 6
673 13
679 12
684 9
685 12
689 1
690 13
695 13
700 13
705 6
706 17
711 13
716 15
721 15
726 15
731 14
736 14
741 15
746 15
751 10
752 8
757 10
758 8
762 6
764 10
765 8
770 10
776 10
782 10
788 10
795 10
801 4
805 19
807 6
808 18
809 14
810 1
812 10
819 10
825 5
826 10
833 10
839 4
840 6
841 7
843 6
845 6
846 7
848 6
850 6
851 7
853 6
855 6
856 7
858 6
860 6
861 7
863 6
865 6
866 7
868 6
870 7
871 7
873 6
875 7
876 2
879 6
881 7
882 2
885 6
887 7
888 2
891 7
893 7
894 2
897 7
899 14
904 14
909 14
914 14
919 14
924 14
929 14
934 14
939 14
945 12
950 7
951 12
957 12
963 12
969 14
975 14
980 15
986 19
987 19
997 7
