0 42
3 27
4 27
5 27
6 21
7 21
8 24
9 21
10 21
11 21
12 21
13 21
14 21
15 21
16 22
17 21
18 12
19 6
21 4
22 5
23 6
25 1
26 8
29 7
34 7
35 2
37 20
38 20
39 68
42 20
43 20
44 20
45 20
46 20
47 20
48 20
49 20
50 20
51 20
52 34
53 60
58 32
59 32
60 34
61 32
62 32
63 32
64 32
65 32
66 32
67 32
68 32
69 32
70 32
71 60
75 32
76 22
77 32
78 25
80 25
82 25
84 25
86 25
88 21
90 18
91 16
92 25
94 25
96 25
98 25
100 42
102 42
104 42
106 42
108 18
109 18
110 18
111 15
112 18
113 18
114 60
117 18
118 18
119 18
120 18
121 18
122 18
123 18
124 18
125 18
126 65
130 18
131 18
132 16
133 18
134 18
135 18
136 18
137 18
138 18
139 18
140 18
141 27
142 27
143 27
144 27
145 27
146 27
147 27
148 27
149 27
150 27
151 3
152 24
153 24
154 24
155 24
156 24
157 17
159 17
160 19
161 17
162 17
164 17
165 17
166 17
168 19
169 17
170 17
171 17
173 17
174 19
175 17
176 29
177 29
178 27
179 29
180 27
181 29
182 34
183 32
184 32
185 32
186 27
187 27
188 21
189 8
190 21
191 21
192 21
193 8
194 21
195 21
196 21
197 22
198 21
199 21
200 22
201 21
202 22
203 21
204 22
205 21
206 63
209 22
210 22
211 18
212 18
213 18
214 19
215 18
216 18
217 18
218 66
221 18
222 18
223 17
224 18
225 19
226 18
227 18
228 18
229 18
230 20
231 18
232 18
233 18
234 17
235 18
236 27
237 35
238 62
241 27
242 27
243 28
244 27
245 28
246 27
247 17
248 17
249 17
250 17
251 17
252 17
253 17
254 65
257 17
258 17
259 17
260 17
261 18
263 2
264 8
267 7
272 7
273 2
277 8
279 6
282 9
283 18
284 18
285 19
286 18
287 18
288 18
289 18
290 18
291 18
292 19
293 29
294 18
295 29
296 29
297 7
298 9
299 29
300 29
301 29
302 29
303 29
304 29
305 29
306 29
307 30
308 18
309 18
310 18
311 17
312 18
313 18
314 18
315 18
316 66
320 18
321 18
322 18
323 18
324 18
325 18
326 18
327 18
328 18
329 18
330 18
331 18
332 18
333 18
334 18
335 18
336 16
337 16
338 16
339 16
340 18
341 16
342 16
343 16
344 16
345 16
346 16
347 18
348 16
349 16
350 16
351 16
352 16
353 16
354 16
355 18
356 21
357 21
358 21
359 21
360 21
361 61
365 21
366 21
367 21
368 21
369 21
370 21
371 21
372 21
373 21
374 17
375 17
376 65
379 17
380 17
381 17
382 17
384 17
385 17
386 17
387 17
388 17
389 16
390 19
391 17
392 16
393 19
394 24
395 24
396 18
397 24
398 24
399 24
400 60
403 24
404 22
406 22
410 2
411 22
415 2
416 22
420 2
421 19
425 4
426 8
427 12
430 6
431 8
432 12
435 2
436 8
438 7
442 2
443 10
444 8
446 4
447 4
450 13
451 8
452 17
453 8
455 8
456 1
457 13
458 17
459 8
461 8
462 1
463 8
464 17
465 8
467 8
468 10
471 8
472 17
473 8
475 8
476 5
477 13
479 21
480 8
482 13
483 1
484 13
486 21
487 8
489 13
490 1
491 5
493 17
494 8
496 13
497 4
499 21
500 8
502 13
503 1
504 5
506 17
507 8
509 13
510 1
512 21
513 8
515 13
516 1
519 17
520 8
522 13
523 1
525 21
526 8
528 13
529 1
530 7
531 21
532 8
534 13
535 1
538 17
539 8
541 13
542 1
544 21
545 8
547 13
548 1
549 32
552 9
553 32
556 13
558 32
561 12
564 32
567 17
570 17
571 20
572 19
573 19
574 20
575 19
576 19
577 19
578 19
579 18
580 18
581 18
582 18
583 18
584 18
585 62
588 18
589 18
590 18
591 18
592 18
593 18
594 18
595 24
596 20
597 20
598 20
599 78
602 20
603 20
604 20
605 20
606 20
607 20
608 20
609 18
610 20
611 20
612 20
613 20
614 20
615 18
616 18
617 18
618 18
619 19
620 18
621 18
622 18
623 19
624 18
625 18
626 18
627 18
628 9
629 6
632 0
634 17
637 0
639 17
642 0
644 15
647 0
649 15
652 2
654 15
657 2
659 16
662 2
663 16
664 17
667 6
669 17
672 2
673 17
677 2
678 7
679 16
680 8
683 2
684 13
685 16
686 8
689 4
690 17
694 2
695 17
699 2
700 17
704 2
705 9
706 23
710 2
711 17
715 2
716 19
720 2
721 19
725 2
726 19
730 2
731 18
735 2
736 18
740 2
741 19
745 2
746 19
750 6
751 13
752 13
755 2
756 3
757 13
758 13
761 2
762 10
764 13
765 13
768 2
769 3
770 13
771 8
774 2
775 3
776 13
777 8
780 2
781 3
782 13
783 8
786 2
787 3
788 13
793 2
794 3
795 13
800 2
801 5
805 27
808 24
810 3
812 13
817 2
818 3
819 13
824 2
825 8
826 13
831 2
832 3
833 13
838 2
839 6
840 9
841 12
843 10
844 0
845 9
846 12
848 10
849 0
850 9
851 12
853 10
854 0
855 9
856 12
858 10
859 0
860 9
861 12
863 10
864 0
865 9
866 12
868 10
870 10
871 12
873 10
874 0
875 10
876 5
877 9
879 10
880 0
881 10
882 5
883 9
885 10
886 0
887 10
888 5
889 9
891 11
892 0
893 10
894 5
895 9
897 11
898 0
899 18
900 4
903 9
904 18
905 4
908 9
909 18
910 4
913 9
914 20
915 4
918 10
919 20
920 4
923 10
924 20
925 4
928 10
929 20
930 4
933 10
934 20
935 4
938 10
939 20
940 4
943 10
944 3
945 13
946 7
949 2
950 9
951 13
952 7
955 2
956 3
957 13
958 7
961 2
962 3
963 13
964 7
967 2
968 3
969 18
970 7
973 2
974 3
975 18
976 7
979 2
980 22
984 2
986 22
987 22
989 1
990 2
991 8
993 3
996 5
999 10
