3 27
4 27
5 27
39 68
52 34
53 60
58 32
59 32
60 34
61 32
62 32
63 32
64 32
65 32
66 32
67 32
68 32
69 32
70 32
71 60
75 32
76 22
77 32
100 42
102 42
104 42
106 42
108 18
109 18
110 18
111 15
112 18
113 18
114 60
117 18
118 18
119 18
120 18
121 18
122 18
123 18
124 18
125 18
126 65
130 18
131 18
132 16
133 18
134 18
135 18
136 18
137 18
138 18
139 18
140 18
141 27
142 27
143 27
144 27
145 27
146 27
147 27
148 27
149 27
150 27
152 24
153 24
154 24
155 24
156 24
188 21
190 21
191 21
192 21
194 21
195 21
196 21
197 22
198 21
199 21
200 22
201 21
202 22
203 21
204 22
205 21
206 63
209 22
210 22
211 18
212 18
213 18
214 19
215 18
216 18
217 18
218 66
221 18
222 18
223 17
224 18
225 19
226 18
227 18
228 18
229 18
230 20
231 18
232 18
233 18
234 17
235 18
236 27
237 35
238 62
241 27
242 27
243 28
244 27
245 28
246 27
254 65
261 18
283 18
284 18
285 19
286 18
287 18
288 18
289 18
290 18
291 18
292 19
293 29
294 18
295 29
296 29
299 29
300 29
301 29
302 29
303 29
304 29
305 29
306 29
307 30
308 18
309 18
310 18
311 17
312 18
313 18
314 18
315 18
316 66
320 18
321 18
322 18
323 18
324 18
325 18
326 18
327 18
328 18
329 18
330 18
331 18
332 18
333 18
334 18
335 18
356 21
357 21
358 21
359 21
360 21
361 61
365 21
366 21
367 21
368 21
369 21
370 21
371 21
372 21
373 21
374 17
375 17
376 65
379 17
381 17
382 17
384 17
385 17
386 17
388 17
390 19
391 17
393 19
394 24
395 24
396 18
397 24
398 24
399 24
400 60
403 24
404 22
406 22
411 22
416 22
421 19
427 12
432 12
438 7
446 4
452 17
458 17
464 17
472 17
479 21
486 21
493 17
499 21
506 17
512 21
519 17
525 21
531 21
538 17
544 21
549 32
553 32
558 32
564 32
570 17
571 20
572 19
573 19
574 20
575 19
576 19
577 19
578 19
579 18
580 18
581 18
582 18
583 18
584 18
585 62
588 18
589 18
590 18
591 18
592 18
593 18
594 18
595 24
596 20
597 20
598 20
599 78
602 20
603 20
604 20
605 20
606 20
607 20
608 20
609 18
610 20
611 20
612 20
613 20
614 20
615 18
616 18
617 18
618 18
619 19
620 18
621 18
622 18
623 19
624 18
625 18
626 18
627 18
628 9
634 17
639 17
644 15
649 15
654 15
659 16
664 17
669 17
673 17
690 17
695 17
700 17
706 23
711 17
716 19
721 19
726 19
731 18
736 18
741 19
746 19
752 13
758 13
765 13
771 8
777 8
783 8
841 12
846 12
851 12
856 12
861 12
866 12
871 12
877 9
883 9
889 9
895 9
899 18
904 18
909 18
914 20
919 20
924 20
929 20
934 20
939 20
945 13
951 13
957 13
963 13
969 18
975 18
980 22
986 22
987 22
991 8
