3 3
4 3
5 3
28 7
39 15
52 6
53 16
58 5
59 5
60 6
61 5
62 5
63 5
64 5
65 5
66 5
67 5
68 5
69 5
70 5
71 16
75 5
76 5
77 5
100 9
102 9
104 9
106 9
108 5
109 5
110 5
111 2
112 5
113 5
114 16
117 5
118 5
119 5
120 5
121 5
122 5
123 5
124 5
125 4
126 16
130 4
131 4
132 4
133 4
134 4
135 4
136 4
137 4
138 4
139 4
140 4
141 3
142 3
143 3
144 3
145 3
146 3
147 3
148 3
149 3
150 10
152 3
153 3
154 3
155 3
156 3
188 3
190 3
191 3
192 3
194 3
195 3
196 3
197 3
198 3
199 3
200 3
201 3
202 3
203 3
204 3
205 3
206 16
209 3
210 3
211 2
212 2
213 2
214 2
215 2
216 2
217 2
218 21
221 2
222 2
223 2
224 2
225 2
226 2
227 2
228 2
229 2
230 2
231 2
232 2
233 2
234 2
235 2
236 4
237 8
238 17
241 4
242 4
243 4
244 4
245 4
246 4
254 19
261 3
266 7
283 4
284 4
285 4
286 4
287 4
288 4
289 4
290 4
291 4
292 4
293 4
294 2
295 4
296 4
299 4
300 4
301 4
302 4
303 4
304 4
305 4
306 4
307 4
308 4
309 4
310 4
311 2
312 4
313 4
314 4
315 4
316 16
320 4
321 4
322 4
323 4
324 4
325 4
326 4
327 4
328 4
329 4
330 4
331 4
332 4
333 4
334 4
335 4
356 3
357 3
358 3
359 3
360 3
361 16
365 3
366 3
367 3
368 3
369 3
370 3
371 3
372 3
373 3
374 2
375 2
376 19
379 2
381 2
382 2
384 2
385 2
386 2
388 2
390 4
391 2
393 4
394 3
395 3
396 3
397 3
398 3
399 3
400 17
403 3
404 3
406 7
411 7
416 7
421 4
452 1
458 1
464 1
472 1
479 2
486 2
493 1
499 1
506 1
512 1
519 1
525 1
531 1
538 1
544 1
570 3
571 1
572 1
573 1
574 1
575 1
576 1
577 1
578 1
579 4
580 4
581 4
582 4
583 4
584 4
585 16
588 4
589 4
590 4
591 4
592 4
593 4
594 4
595 6
596 4
597 4
598 4
599 23
602 4
603 4
604 4
605 4
606 4
607 4
608 4
609 4
610 4
611 4
612 4
613 4
614 4
615 4
616 4
617 4
618 4
619 4
620 4
621 4
622 4
623 4
624 4
625 4
626 4
627 4
628 4
634 6
639 6
644 6
649 6
654 6
659 5
664 5
669 6
673 4
690 4
695 4
700 4
706 6
711 4
716 5
721 5
726 5
731 5
736 5
741 5
746 5
945 3
951 3
957 3
963 3
969 4
975 4
980 7
985 4
986 5
987 5
991 4
