0 10
3 7
4 8
5 8
6 6
7 6
8 7
9 6
10 6
11 6
12 6
13 6
14 6
15 6
16 6
17 6
37 6
38 6
39 26
42 6
43 6
44 6
45 6
46 6
47 6
48 6
49 6
50 6
51 6
52 13
53 24
58 13
59 13
60 13
61 13
62 13
63 13
64 13
65 13
66 13
67 13
68 12
69 13
70 13
71 24
75 13
76 11
77 13
108 8
109 8
110 8
111 5
112 8
113 8
114 24
117 8
118 8
119 8
120 8
121 8
122 8
123 8
124 8
125 7
126 24
130 7
131 7
132 7
133 7
134 7
135 7
136 7
137 7
138 7
139 7
140 7
141 7
142 8
143 8
144 8
145 7
146 8
147 8
148 8
149 8
152 8
153 8
154 8
155 8
156 8
157 2
159 2
160 4
161 2
162 2
164 2
165 2
166 2
168 4
169 2
170 2
171 2
173 2
174 4
175 2
188 8
190 8
191 8
192 8
194 8
195 8
196 8
197 8
198 8
199 8
200 8
201 8
202 8
203 8
204 8
205 8
206 24
209 8
210 8
211 5
212 5
213 5
214 5
215 5
216 5
217 5
218 28
221 5
222 5
223 6
224 5
225 5
226 5
227 5
228 5
229 5
230 5
231 5
232 5
233 5
234 5
235 5
236 7
237 12
238 23
241 7
242 7
243 7
244 7
245 7
246 7
247 7
248 7
249 7
250 7
251 7
252 7
253 7
254 27
257 7
258 7
259 7
260 7
261 6
282 1
283 7
284 7
285 7
286 7
287 7
288 7
289 7
290 7
291 7
292 7
293 8
294 5
295 8
296 8
299 8
300 8
301 8
302 8
303 8
304 8
305 8
306 8
307 8
308 8
309 7
310 7
311 5
312 7
313 7
314 7
315 7
316 23
320 7
321 7
322 7
323 7
324 7
325 7
326 7
327 7
328 7
329 7
330 7
331 7
332 7
333 7
334 7
335 7
356 6
357 6
358 6
359 6
360 6
361 23
365 6
366 6
367 6
368 6
369 6
370 6
371 6
372 6
373 6
374 6
375 6
376 28
379 6
381 6
382 6
384 6
385 6
386 6
388 6
389 2
390 9
391 6
392 2
393 9
394 8
395 8
396 6
397 8
398 8
399 8
400 25
403 8
404 9
570 7
571 6
572 6
573 6
574 6
575 6
576 6
577 6
578 6
579 7
580 7
581 7
582 7
583 7
584 7
585 24
588 7
589 7
590 7
591 7
592 7
593 7
594 7
595 10
596 8
597 8
598 8
599 33
602 8
603 8
604 8
605 8
606 8
607 8
608 8
609 8
610 8
611 8
612 8
613 8
614 8
615 7
616 7
617 7
618 7
619 7
620 7
621 7
622 7
623 7
624 7
625 7
626 7
627 7
