0 9
3 6
4 7
5 7
6 5
7 5
8 6
9 5
10 5
11 5
12 5
13 5
14 5
15 5
16 5
17 5
37 5
38 5
39 25
42 5
43 5
44 5
45 5
46 5
47 5
48 5
49 5
50 5
51 5
52 12
53 23
58 12
59 12
60 12
61 12
62 12
63 12
64 12
65 12
66 12
67 12
68 11
69 12
70 12
71 23
75 12
76 10
77 12
108 7
109 7
110 7
111 4
112 7
113 7
114 23
117 7
118 7
119 7
120 7
121 7
122 7
123 7
124 7
125 6
126 23
130 6
131 6
132 6
133 6
134 6
135 6
136 6
137 6
138 6
139 6
140 6
141 6
142 7
143 7
144 7
145 6
146 7
147 7
148 7
149 7
152 7
153 7
154 7
155 7
156 7
157 1
159 1
160 3
161 1
162 1
164 1
165 1
166 1
168 3
169 1
170 1
171 1
173 1
174 3
175 1
188 5
190 5
191 5
192 5
194 5
195 5
196 5
197 5
198 5
199 7
200 7
201 7
202 7
203 7
204 7
205 7
206 23
209 7
210 7
211 4
212 4
213 4
214 4
215 4
216 4
217 4
218 27
221 4
222 4
223 5
224 4
225 4
226 4
227 4
228 4
229 4
230 4
231 4
232 4
233 4
234 4
235 4
236 6
237 11
238 22
241 6
242 6
243 6
244 6
245 6
246 6
247 6
248 6
249 6
250 6
251 6
252 6
253 6
254 26
257 6
258 6
259 6
260 6
261 5
283 6
284 6
285 6
286 6
287 6
288 6
289 6
290 6
291 6
292 6
293 7
294 4
295 7
296 7
299 7
300 7
301 7
302 7
303 7
304 7
305 7
306 7
307 7
308 7
309 6
310 6
311 4
312 6
313 6
314 6
315 6
316 22
320 6
321 6
322 6
323 6
324 6
325 6
326 6
327 6
328 6
329 6
330 6
331 6
332 6
333 6
334 6
335 6
356 5
357 5
358 5
359 5
360 5
361 22
365 5
366 5
367 5
368 5
369 5
370 5
371 5
372 5
373 5
374 5
375 5
376 27
379 5
381 5
382 5
384 5
385 5
386 5
388 5
389 1
390 8
391 5
392 1
393 8
394 7
395 7
396 5
397 7
398 7
399 7
400 24
403 7
404 8
570 6
571 5
572 5
573 5
574 5
575 5
576 5
577 5
578 5
579 6
580 6
581 6
582 6
583 6
584 6
585 23
588 6
589 6
590 6
591 6
592 6
593 6
594 6
596 7
597 7
598 7
599 32
602 7
603 7
604 7
605 7
606 7
607 7
608 7
609 7
610 7
611 7
612 7
613 7
614 7
615 6
616 6
617 6
618 6
619 6
620 6
621 6
622 6
623 6
624 6
625 6
626 6
627 6
