3 15
4 16
5 16
6 16
7 16
8 16
9 16
10 16
11 16
12 16
13 16
14 16
15 16
16 16
17 16
18 7
37 13
38 13
42 13
43 13
44 13
45 13
46 13
47 13
48 13
49 13
50 13
51 13
52 25
58 25
59 25
60 25
61 25
62 25
63 25
64 25
65 25
66 25
67 25
68 24
69 25
70 25
75 25
76 16
77 25
78 17
80 17
82 17
84 17
86 17
88 14
92 17
94 17
96 17
98 17
100 29
102 29
104 29
106 29
108 13
109 13
110 13
111 10
112 13
113 13
117 13
118 13
119 13
120 13
121 13
122 13
123 13
124 13
125 14
130 14
131 14
132 11
133 14
134 14
135 14
136 14
137 14
138 14
139 14
140 14
141 15
142 16
143 16
144 16
145 15
146 16
147 16
148 16
149 16
152 16
153 16
154 16
155 16
156 16
157 11
159 11
160 11
161 11
162 11
164 11
165 11
166 11
168 11
169 11
170 11
171 11
173 11
174 11
175 11
188 14
190 14
191 14
192 14
194 14
195 14
196 14
197 14
198 14
199 16
200 16
201 16
202 16
203 16
204 16
205 16
209 16
210 16
211 13
212 13
213 13
214 13
215 13
216 13
217 13
221 13
222 13
223 10
224 13
225 13
226 13
227 13
228 13
229 13
230 13
231 13
232 13
233 13
234 12
235 13
236 19
237 25
241 19
242 19
243 19
244 19
245 19
246 19
247 14
248 14
249 14
250 14
251 14
252 14
253 14
257 14
258 14
259 14
260 14
261 11
282 5
283 14
284 14
285 14
286 14
287 14
288 14
289 14
290 14
291 14
292 14
293 22
294 11
295 22
296 22
299 22
300 22
301 22
302 22
303 22
304 22
305 22
306 22
307 22
308 13
309 14
310 14
311 10
312 14
313 14
314 14
315 14
320 14
321 14
322 14
323 14
324 14
325 14
326 14
327 14
328 14
329 14
330 14
331 14
332 14
333 14
334 14
335 14
356 15
357 15
358 15
359 15
360 15
365 15
366 15
367 15
368 15
369 15
370 15
371 15
372 15
373 15
374 12
375 12
379 12
381 12
382 12
384 12
385 12
386 12
388 12
389 10
390 14
391 12
392 10
393 14
394 16
395 16
396 13
397 16
398 16
399 16
403 16
570 13
571 11
572 11
573 11
574 11
575 11
576 11
577 11
578 11
579 14
580 14
581 14
582 14
583 14
584 14
588 14
589 14
590 14
591 14
592 14
593 14
594 14
595 18
596 16
597 16
598 16
602 16
603 16
604 16
605 16
606 16
607 16
608 16
609 12
610 16
611 16
612 16
613 16
614 16
615 14
616 14
617 14
618 14
619 14
620 14
621 14
622 14
623 14
624 14
625 14
626 14
627 14
