3 16
4 17
5 17
6 17
7 17
8 17
9 17
10 17
11 17
12 17
13 17
14 17
15 17
16 17
17 17
37 14
38 14
42 14
43 14
44 14
45 14
46 14
47 14
48 14
49 14
50 14
51 14
52 26
58 26
59 26
60 26
61 26
62 26
63 26
64 26
65 26
66 26
67 26
68 25
69 26
70 26
75 26
77 26
78 18
80 18
82 18
84 18
86 18
92 18
94 18
96 18
98 18
125 15
126 48
130 15
131 15
133 15
134 15
135 15
136 15
137 15
138 15
139 15
140 15
141 16
142 17
143 17
144 17
145 16
146 17
147 17
148 17
149 17
157 12
159 12
161 12
162 12
164 12
165 12
166 12
169 12
170 12
171 12
173 12
175 12
188 15
190 15
191 15
192 15
194 15
195 15
196 15
197 15
198 15
199 17
200 17
201 17
202 17
203 17
204 17
205 17
209 17
210 17
211 14
212 14
213 14
214 14
215 14
216 14
217 14
221 14
222 14
224 14
225 14
226 14
227 14
228 14
229 14
230 14
231 14
232 14
233 14
234 13
235 14
236 20
237 26
241 20
242 20
243 20
244 20
245 20
246 20
247 15
248 15
249 15
250 15
251 15
252 15
253 15
257 15
258 15
259 15
260 15
283 15
284 15
285 15
286 15
287 15
288 15
289 15
290 15
291 15
292 15
298 4
309 15
310 15
312 15
313 15
314 15
315 15
320 15
321 15
322 15
323 15
324 15
325 15
326 15
327 15
328 15
329 15
330 15
331 15
332 15
333 15
334 15
335 15
340 12
347 12
355 12
356 16
357 16
358 16
359 16
360 16
365 16
366 16
367 16
368 16
369 16
370 16
371 16
372 16
373 16
374 13
375 13
379 13
381 13
382 13
384 13
385 13
386 13
388 13
391 13
406 15
411 15
416 15
421 12
452 12
458 12
464 12
472 12
479 15
486 15
493 12
499 15
506 12
512 15
519 12
525 15
531 15
538 12
544 15
549 22
553 22
558 22
564 22
579 15
580 15
581 15
582 15
583 15
584 15
585 47
588 15
589 15
590 15
591 15
592 15
593 15
594 15
596 17
597 17
598 17
602 17
603 17
604 17
605 17
606 17
607 17
608 17
610 17
611 17
612 17
613 17
614 17
615 15
616 15
617 15
618 15
619 15
620 15
621 15
622 15
623 15
624 15
625 15
626 15
627 15
673 13
679 12
685 12
690 13
695 13
700 13
706 17
711 13
716 15
721 15
726 15
731 14
736 14
741 15
746 15
751 10
757 10
764 10
770 10
776 10
782 10
788 10
795 10
805 19
812 10
819 10
826 10
833 10
840 6
845 6
850 6
855 6
860 6
865 6
870 7
875 7
881 7
887 7
893 7
899 14
904 14
909 14
914 14
919 14
924 14
929 14
934 14
939 14
980 15
