3 27
4 27
5 27
6 21
7 21
8 24
9 21
10 21
11 21
12 21
13 21
14 21
15 21
16 22
17 21
37 20
38 20
42 20
43 20
44 20
45 20
46 20
47 20
48 20
49 20
50 20
51 20
52 34
58 32
59 32
60 34
61 32
62 32
63 32
64 32
65 32
66 32
67 32
68 32
69 32
70 32
75 32
77 32
78 25
80 25
82 25
84 25
86 25
92 25
94 25
96 25
98 25
125 18
126 65
130 18
131 18
133 18
134 18
135 18
136 18
137 18
138 18
139 18
140 18
141 27
142 27
143 27
144 27
145 27
146 27
147 27
148 27
149 27
157 17
159 17
161 17
162 17
164 17
165 17
166 17
169 17
170 17
171 17
173 17
175 17
188 21
190 21
191 21
192 21
194 21
195 21
196 21
197 22
198 21
199 21
200 22
201 21
202 22
203 21
204 22
205 21
209 22
210 22
211 18
212 18
213 18
214 19
215 18
216 18
217 18
221 18
222 18
224 18
225 19
226 18
227 18
228 18
229 18
230 20
231 18
232 18
233 18
234 17
235 18
236 27
237 35
241 27
242 27
243 28
244 27
245 28
246 27
247 17
248 17
249 17
250 17
251 17
252 17
253 17
257 17
258 17
259 17
260 17
283 18
284 18
285 19
286 18
287 18
288 18
289 18
290 18
291 18
292 19
297 7
298 9
309 18
310 18
312 18
313 18
314 18
315 18
320 18
321 18
322 18
323 18
324 18
325 18
326 18
327 18
328 18
329 18
330 18
331 18
332 18
333 18
334 18
335 18
336 16
337 16
338 16
339 16
340 18
341 16
342 16
343 16
344 16
345 16
346 16
347 18
348 16
349 16
350 16
351 16
352 16
353 16
354 16
355 18
356 21
357 21
358 21
359 21
360 21
365 21
366 21
367 21
368 21
369 21
370 21
371 21
372 21
373 21
374 17
375 17
379 17
381 17
382 17
384 17
385 17
386 17
388 17
391 17
406 22
411 22
416 22
421 19
427 12
432 12
451 8
452 17
457 13
458 17
463 8
464 17
471 8
472 17
479 21
486 21
493 17
499 21
506 17
512 21
519 17
525 21
531 21
538 17
544 21
549 32
553 32
558 32
564 32
579 18
580 18
581 18
582 18
583 18
584 18
585 62
588 18
589 18
590 18
591 18
592 18
593 18
594 18
596 20
597 20
598 20
602 20
603 20
604 20
605 20
606 20
607 20
608 20
610 20
611 20
612 20
613 20
614 20
615 18
616 18
617 18
618 18
619 19
620 18
621 18
622 18
623 19
624 18
625 18
626 18
627 18
628 9
634 17
639 17
659 16
669 17
673 17
679 16
685 16
690 17
695 17
700 17
706 23
711 17
716 19
721 19
726 19
731 18
736 18
741 19
746 19
751 13
757 13
764 13
770 13
776 13
782 13
788 13
795 13
805 27
812 13
819 13
826 13
833 13
840 9
845 9
850 9
855 9
860 9
865 9
870 10
875 10
881 10
887 10
893 10
899 18
904 18
909 18
914 20
919 20
924 20
929 20
934 20
939 20
944 3
980 22
