3 28
4 28
5 28
6 22
7 22
8 25
9 22
10 22
11 22
12 22
13 22
14 22
15 22
16 23
17 22
18 13
19 7
34 8
37 21
38 21
42 21
43 21
44 21
45 21
46 21
47 21
48 21
49 21
50 21
51 21
52 35
58 33
59 33
60 35
61 33
62 33
63 33
64 33
65 33
66 33
67 33
68 33
69 33
70 33
75 33
76 23
77 33
108 19
109 19
110 19
111 16
112 19
113 19
117 19
118 19
119 19
120 19
121 19
122 19
123 19
124 19
125 19
130 19
131 19
132 17
133 19
134 19
135 19
136 19
137 19
138 19
139 19
140 19
141 28
142 28
143 28
144 28
145 28
146 28
147 28
148 28
149 28
151 4
152 25
153 25
154 25
155 25
156 25
157 18
159 18
160 20
161 18
162 18
164 18
165 18
166 18
168 20
169 18
170 18
171 18
173 18
174 20
175 18
199 22
200 23
201 22
202 23
203 22
204 23
205 22
209 23
210 23
211 19
212 19
213 19
214 20
215 19
216 19
217 19
221 19
222 19
223 18
224 19
225 20
226 19
227 19
228 19
229 19
230 21
231 19
232 19
233 19
234 18
235 19
236 28
237 36
241 28
242 28
243 29
244 28
245 29
246 28
261 19
272 8
282 10
283 19
284 19
285 20
286 19
287 19
288 19
289 19
290 19
291 19
292 20
293 30
294 19
295 30
296 30
299 30
300 30
301 30
302 30
303 30
304 30
305 30
306 30
307 31
308 19
309 19
310 19
311 18
312 19
313 19
314 19
315 19
320 19
321 19
322 19
323 19
324 19
325 19
326 19
327 19
328 19
329 19
330 19
331 19
332 19
333 19
334 19
335 19
356 22
357 22
358 22
359 22
360 22
365 22
366 22
367 22
368 22
369 22
370 22
371 22
372 22
373 22
374 18
375 18
379 18
381 18
382 18
384 18
385 18
386 18
388 18
389 17
390 20
391 18
392 17
393 20
394 25
395 25
396 19
397 25
398 25
399 25
403 25
410 3
415 3
420 3
435 3
442 3
456 2
462 2
468 11
476 6
483 2
490 2
497 5
503 2
510 2
516 2
523 2
529 2
535 2
542 2
548 2
571 21
572 20
573 20
574 21
575 20
576 20
577 20
578 20
579 19
580 19
581 19
582 19
583 19
584 19
588 19
589 19
590 19
591 19
592 19
593 19
594 19
595 25
596 21
597 21
598 21
602 21
603 21
604 21
605 21
606 21
607 21
608 21
609 19
610 21
611 21
612 21
613 21
614 21
615 19
616 19
617 19
618 19
619 20
620 19
621 19
622 19
623 20
624 19
625 19
626 19
627 19
652 3
657 3
662 3
667 7
672 3
677 3
683 3
694 3
699 3
704 3
710 3
715 3
720 3
725 3
730 3
735 3
740 3
745 3
755 3
761 3
768 3
774 3
780 3
786 3
793 3
800 3
817 3
824 3
831 3
838 3
949 3
955 3
961 3
967 3
973 3
979 3
999 11
