0 24
3 13
4 14
5 14
6 14
7 14
8 14
9 14
10 14
11 14
12 14
13 14
14 14
15 14
16 14
17 14
37 11
38 11
39 45
42 11
43 11
44 11
45 11
46 11
47 11
48 11
49 11
50 11
51 11
52 23
53 43
58 23
59 23
60 23
61 23
62 23
63 23
64 23
65 23
66 23
67 23
68 22
69 23
70 23
71 43
75 23
76 14
77 23
108 11
109 11
110 11
111 8
112 11
113 11
114 42
117 11
118 11
119 11
120 11
121 11
122 11
123 11
124 11
125 12
126 44
130 12
131 12
132 9
133 12
134 12
135 12
136 12
137 12
138 12
139 12
140 12
141 13
142 14
143 14
144 14
145 13
146 14
147 14
148 14
149 14
152 14
153 14
154 14
155 14
156 14
157 9
159 9
160 9
161 9
162 9
164 9
165 9
166 9
168 9
169 9
170 9
171 9
173 9
174 9
175 9
188 12
190 12
191 12
192 12
194 12
195 12
196 12
197 12
198 12
199 14
200 14
201 14
202 14
203 14
204 14
205 14
206 45
209 14
210 14
211 11
212 11
213 11
214 11
215 11
216 11
217 11
218 48
221 11
222 11
223 8
224 11
225 11
226 11
227 11
228 11
229 11
230 11
231 11
232 11
233 11
234 10
235 11
236 17
237 23
238 42
241 17
242 17
243 17
244 17
245 17
246 17
247 12
248 12
249 12
250 12
251 12
252 12
253 12
254 43
257 12
258 12
259 12
260 12
261 9
282 3
283 12
284 12
285 12
286 12
287 12
288 12
289 12
290 12
291 12
292 12
293 21
294 9
295 21
296 21
299 21
300 21
301 21
302 21
303 21
304 21
305 21
306 21
307 21
308 11
309 12
310 12
311 8
312 12
313 12
314 12
315 12
316 45
320 12
321 12
322 12
323 12
324 12
325 12
326 12
327 12
328 12
329 12
330 12
331 12
332 12
333 12
334 12
335 12
356 13
357 13
358 13
359 13
360 13
361 44
365 13
366 13
367 13
368 13
369 13
370 13
371 13
372 13
373 13
374 10
375 10
376 47
379 10
381 10
382 10
384 10
385 10
386 10
388 10
389 8
390 12
391 10
392 8
393 12
394 14
395 14
396 11
397 14
398 14
399 14
400 43
403 14
570 11
571 9
572 9
573 9
574 9
575 9
576 9
577 9
578 9
579 12
580 12
581 12
582 12
583 12
584 12
585 42
588 12
589 12
590 12
591 12
592 12
593 12
594 12
595 17
596 15
597 15
598 15
599 59
602 15
603 15
604 15
605 15
606 15
607 15
608 15
609 11
610 15
611 15
612 15
613 15
614 15
615 12
616 12
617 12
618 12
619 12
620 12
621 12
622 12
623 12
624 12
625 12
626 12
627 12
