0 28
3 16
4 17
5 17
6 17
7 17
8 17
9 17
10 17
11 17
12 17
13 17
14 17
15 17
16 17
17 17
37 14
38 14
39 51
42 14
43 14
44 14
45 14
46 14
47 14
48 14
49 14
50 14
51 14
52 26
53 48
58 26
59 26
60 26
61 26
62 26
63 26
64 26
65 26
66 26
67 26
68 25
69 26
70 26
71 48
75 26
76 17
77 26
108 14
109 14
110 14
112 14
113 14
114 46
117 14
118 14
119 14
120 14
121 14
122 14
123 14
124 14
125 15
126 48
130 15
131 15
132 12
133 15
134 15
135 15
136 15
137 15
138 15
139 15
140 15
141 16
142 17
143 17
144 17
145 16
146 17
147 17
148 17
149 17
152 17
153 17
154 17
155 17
156 17
157 12
159 12
160 12
161 12
162 12
164 12
165 12
166 12
168 12
169 12
170 12
171 12
173 12
174 12
175 12
188 15
190 15
191 15
192 15
194 15
195 15
196 15
197 15
198 15
199 17
200 17
201 17
202 17
203 17
204 17
205 17
206 50
209 17
210 17
211 14
212 14
213 14
214 14
215 14
216 14
217 14
218 53
221 14
222 14
223 12
224 14
225 14
226 14
227 14
228 14
229 14
230 14
231 14
232 14
233 14
234 13
235 14
236 20
237 26
238 47
241 20
242 20
243 20
244 20
245 20
246 20
247 15
248 15
249 15
250 15
251 15
252 15
253 15
254 48
257 15
258 15
259 15
260 15
261 13
282 6
283 15
284 15
285 15
286 15
287 15
288 15
289 15
290 15
291 15
292 15
293 23
294 12
295 23
296 23
299 23
300 23
301 23
302 23
303 23
304 23
305 23
306 23
307 23
308 14
309 15
310 15
311 12
312 15
313 15
314 15
315 15
316 50
320 15
321 15
322 15
323 15
324 15
325 15
326 15
327 15
328 15
329 15
330 15
331 15
332 15
333 15
334 15
335 15
356 16
357 16
358 16
359 16
360 16
361 48
365 16
366 16
367 16
368 16
369 16
370 16
371 16
372 16
373 16
374 13
375 13
376 51
379 13
381 13
382 13
384 13
385 13
386 13
388 13
390 15
391 13
393 15
394 17
395 17
396 14
397 17
398 17
399 17
400 47
403 17
404 16
570 14
571 12
572 12
573 12
574 12
575 12
576 12
577 12
578 12
579 15
580 15
581 15
582 15
583 15
584 15
585 47
588 15
589 15
590 15
591 15
592 15
593 15
594 15
595 20
596 17
597 17
598 17
599 63
602 17
603 17
604 17
605 17
606 17
607 17
608 17
609 13
610 17
611 17
612 17
613 17
614 17
615 15
616 15
617 15
618 15
619 15
620 15
621 15
622 15
623 15
624 15
625 15
626 15
627 15
