0 46
3 31
4 31
5 31
6 27
7 27
8 31
9 27
10 27
11 27
12 27
13 27
14 27
15 27
16 28
17 27
37 23
38 23
39 76
42 23
43 23
44 23
45 23
46 23
47 23
48 23
49 23
50 23
51 23
52 40
53 67
58 38
59 38
60 40
61 38
62 38
63 38
64 38
65 38
66 38
67 38
68 38
69 38
70 38
71 67
75 38
76 24
77 38
108 24
109 24
110 24
111 18
112 24
113 24
114 66
117 24
118 24
119 24
120 24
121 24
122 24
123 24
124 24
125 21
126 71
130 21
131 21
132 18
133 21
134 21
135 21
136 21
137 21
138 21
139 21
140 21
141 31
142 31
143 31
144 31
145 31
146 31
147 31
148 31
149 31
152 28
153 28
154 28
155 28
156 28
157 21
159 21
160 23
161 21
162 21
164 21
165 21
166 21
168 23
169 21
170 21
171 21
173 21
174 23
175 21
188 25
190 25
191 25
192 25
194 25
195 25
196 25
197 26
198 25
199 25
200 30
201 25
202 30
203 25
204 30
205 29
206 70
209 26
210 26
211 21
212 21
213 21
214 22
215 21
216 21
217 21
218 75
221 21
222 21
223 20
224 21
225 22
226 21
227 21
228 21
229 21
230 23
231 21
232 21
233 21
234 20
235 21
236 32
237 40
238 67
241 32
242 32
243 33
244 32
245 33
246 32
247 19
248 19
249 19
250 19
251 19
252 19
253 19
254 72
257 19
258 19
259 19
260 19
261 22
282 11
283 21
284 21
285 22
286 21
287 21
288 21
289 21
290 21
291 21
292 22
293 37
294 20
295 37
296 37
299 37
300 37
301 37
302 37
303 37
304 37
305 37
306 37
307 38
308 20
309 21
310 21
311 19
312 21
313 21
314 21
315 21
316 78
320 21
321 21
322 21
323 21
324 21
325 21
326 21
327 21
328 21
329 21
330 21
331 21
332 21
333 21
334 21
335 21
356 23
357 23
358 23
359 23
360 23
361 69
365 23
366 23
367 23
368 23
369 23
370 23
371 23
372 23
373 23
374 20
375 20
376 71
379 20
381 20
382 20
384 20
385 20
386 20
388 20
389 18
390 22
391 20
392 18
393 22
394 28
395 28
396 20
397 28
398 28
399 28
400 67
403 28
570 18
571 24
572 23
573 23
574 24
575 23
576 23
577 23
578 23
579 21
580 21
581 21
582 21
583 21
584 21
585 68
588 21
589 21
590 21
591 21
592 21
593 21
594 21
595 28
596 23
597 23
598 23
599 88
602 23
603 23
604 23
605 23
606 23
607 23
608 23
609 21
610 23
611 23
612 23
613 23
614 23
615 21
616 21
617 21
618 21
619 22
620 21
621 21
622 21
623 22
624 21
625 21
626 21
627 21
